6.683849150793579035e-47 6.471944832531807690e-04 1.036050509246489462e-04 9.992492004658222182e-01 2.022025231986186457e-17 3.613601612390285318e-22 4.439710804874922393e-20 1.331471332135443131e-27
1.517806481668737666e-62 5.138403133286567455e-21 9.481442113544690714e-26 1.048747034056318224e-18 9.976366510820954270e-01 1.640351512555607402e-04 2.199310746787900075e-03 3.019861162421567676e-09
2.426882953247373668e-61 1.214467718137758748e-15 7.533824210162577710e-21 4.739695365445390404e-17 9.969676063493030371e-01 1.327689750347175839e-03 1.704697080489559055e-03 6.819858939285812150e-09
9.602578368650131245e-34 3.395324921845432886e-02 1.445644305033776935e-03 9.646011064764259402e-01 8.600201844684910085e-14 1.706114402895795380e-22 4.107509633708304119e-18 3.929363188745734153e-25
1.571822448271154900e-26 4.997259224588331272e-01 5.002717639088399837e-01 2.313632326897155611e-06 1.722687075698340746e-22 1.627921310221518563e-34 4.301963324546627498e-28 7.266098967075212925e-30
3.432366241670005822e-37 1.209873955805079108e-06 5.820634577631567672e-04 9.994167266682810746e-01 6.853012438291917979e-19 2.532350677023940157e-30 2.391313231652274458e-25 2.292346926284803435e-29
9.999999999548038199e-01 4.356088492550546762e-11 1.626083404588201845e-12 9.288933774829889406e-15 1.353500330967223231e-45 8.893530617865614512e-78 1.889215725214412344e-53 6.703309285438281957e-67
1.415776518914290401e-87 3.612522711519308658e-28 5.002602508512056734e-28 4.935854395965093855e-18 1.149670426610843503e-05 9.999414933630206281e-01 4.682231511454419936e-05 1.876175986406659995e-07
9.935938335625456256e-42 2.412234738234250326e-06 9.999975877394401413e-01 2.582155363507042519e-11 7.093074021208631566e-19 8.658690119755066078e-23 1.755886177319374028e-24 1.828523797370613362e-27
1.364547711704713943e-62 1.125374318397512302e-18 9.229148156140760583e-18 3.569238690016357181e-14 9.999952032006579339e-01 2.790166838486179737e-09 4.790485644652270571e-06 3.523494852899878604e-09
1.775835393628646321e-57 1.240821333727988658e-20 2.850771791539046954e-18 1.275899054356072958e-12 9.999997143960481782e-01 1.692189938469527728e-07 1.163803846285852848e-07 3.297478267136719734e-12
4.962603268633450784e-114 2.628551213475255151e-53 2.582056043701373547e-53 2.280015134814398936e-38 1.483953087142512449e-11 1.169951843817604589e-09 2.196978607942702671e-06 9.999978018366006971e-01
3.578695810408135101e-74 5.903305504647136782e-23 8.648766479499153028e-24 5.206213367512241969e-16 3.374248127846186758e-10 9.999995593768393753e-01 4.392475669954124509e-07 1.038168314975636206e-09
4.499082853011613098e-98 1.392368679056014157e-25 2.434340257969975012e-29 3.926499084542484961e-26 8.279656155370766638e-06 2.938188027884578927e-09 2.164230966517429989e-07 9.999915009825598444e-01
5.078129940922529956e-99 6.331800037157129639e-28 1.395552229092866464e-28 4.319426628984981064e-38 2.665982830301223530e-09 8.282775103081830716e-06 7.042045994764609293e-07 9.999910103543145912e-01
1.000000000000000000e+00 7.350898905281389856e-30 2.881138876681749114e-30 2.877579672581266581e-39 4.244765060809931114e-80 2.640105883735845653e-106 8.331965137573114831e-101 1.641956209705892902e-130
2.679027804081139780e-72 1.064230532337874314e-37 2.476004050224989202e-43 7.647126657782174514e-28 2.966735663254405769e-02 2.193182787933361646e-06 9.700297645481780195e-01 3.006856364899672569e-04
1.383557792398287372e-84 1.285122427789614768e-24 1.322863470773570551e-32 4.204573818102939603e-28 4.632403159081496997e-04 8.861700863520610705e-01 1.126934099156800539e-01 6.732634163506883091e-04
1.598660136695002202e-28 5.277498384349622595e-01 4.651595611691371479e-01 7.090600395900498870e-03 2.102415923651716627e-21 6.180137123508205590e-35 5.638888026115414366e-29 3.628783116253212150e-37
4.223297030538245306e-29 5.291495840228810366e-01 4.708501542474289869e-01 2.617296881809986935e-07 1.815738737250332256e-15 8.202711492586841140e-38 1.254136315167782597e-21 4.244147143472992624e-29
1.163036973207131831e-97 2.879595858324222888e-33 3.117274473523188473e-41 4.484366487993098870e-32 1.308181617949070078e-05 4.237408767494178769e-05 3.375632885493814461e-01 6.623812555467641916e-01
4.045485155303325781e-66 3.409905550489691069e-19 1.305401302333853557e-22 7.988728832845305724e-23 9.828501936497685554e-01 4.582678657687776622e-07 1.714933554508867031e-02 1.253727711123990786e-08
2.119865798280683604e-23 3.360926127104370553e-01 6.637349605988585033e-01 1.724266907043660898e-04 1.892146787830064888e-20 3.103199853851152438e-26 1.253860412084213602e-28 1.731239358271137593e-36
2.533005885968296668e-38 3.342802427418736788e-01 6.635972627081834219e-01 2.122494549942708936e-03 9.547797119444786858e-17 2.922518185459855986e-23 1.997480273447623654e-21 1.153180145247547702e-27
4.384244357649071872e-30 3.383142254996636678e-01 6.531449580956135703e-01 8.540816404722630095e-03 5.540441803265549469e-18 1.998493386786915347e-19 1.649345176595571761e-16 4.053483977681691839e-23
2.750312782404144151e-113 5.488085585533955534e-45 5.812197365588617182e-45 1.715206040945999555e-34 6.423393063371252929e-11 1.652137246488886915e-06 1.424658436601860655e-03 9.985736893619177046e-01
1.129999750606269000e-28 3.468185945412073368e-01 6.531784526990411788e-01 2.952759751437645964e-06 6.796373413121934481e-24 4.677388892072908657e-38 5.732774382818898357e-27 7.674612514291052861e-37
2.874606151141031456e-27 3.344338632415094770e-01 6.531296752041079179e-01 1.243646155438270055e-02 4.753780920367759535e-28 6.711551154781094356e-36 4.658046824830502355e-28 5.857180066379898267e-39
1.000000000000000000e+00 3.129637194719950705e-47 2.042674781973473756e-47 1.085960439912686962e-53 7.627266777416254669e-94 5.361017688260974344e-136 4.061048983251770428e-115 3.049786612391212570e-130
1.009109745034718128e-62 2.715191600488465533e-32 7.356141609600172493e-03 9.926438583903998136e-01 8.284307018726113579e-41 5.679398370089703861e-54 8.565943690334911294e-28 2.696274188683632790e-39
2.060113664564100200e-118 3.501601226421773600e-51 7.057955173486616604e-54 1.893721074975974767e-34 2.700621478195102475e-32 1.568550711815383316e-42 8.403005198001280585e-04 9.991596994801997811e-01
2.854227145066087404e-100 6.025326285836665671e-36 2.170777425778536777e-40 8.566213255827913568e-28 1.397322577059511921e-34 2.036907184435529393e-45 9.918035578705997057e-01 8.196442129400302937e-03
6.501282312314296456e-17 5.959478475920787499e-01 4.040521409620944637e-01 1.144582668082706321e-08 6.181820713271802249e-27 1.577555350428972967e-35 6.078932513742643627e-39 4.499850404105420831e-51
5.619404217924318480e-26 5.933534013255348238e-01 4.032831785674084735e-01 3.363420107056648047e-03 9.024562678580141631e-20 6.757715478837981533e-30 6.322517571356561036e-29 6.153327735705315052e-39
5.419690288889224432e-73 1.276877031888704353e-20 1.090641150918726963e-20 7.214737365220477385e-13 3.921145621533836390e-02 9.576074246240067200e-01 3.181114222194460391e-03 4.937739002404437482e-09
4.546414767062938428e-26 2.646128817124776544e-01 2.893371819584685811e-01 4.460499363289509023e-01 1.027937710114422374e-13 1.062754491059399731e-20 4.230364043127921117e-22 2.350668800254890242e-27
1.000000000000000000e+00 2.290328665759513182e-27 1.967757324740756424e-27 3.747968872064613351e-37 1.371556941614440029e-63 3.018871273388676618e-87 1.890115364281323613e-82 6.338069735346507321e-103
2.606944909943842528e-93 1.118420361168357351e-34 2.171266537735900132e-35 5.096094348097831669e-30 3.664393061086221667e-05 6.664607258339444608e-06 9.864682277373951758e-01 1.348846372473566993e-02
1.000000000000000000e+00 2.044861941393784574e-33 1.756862289424676602e-33 4.195150990784846300e-46 2.282239747259713962e-66 9.230879673647219004e-87 1.237930249124776997e-84 2.322213463442825692e-103
1.610996679190710210e-85 1.350191720927736875e-26 3.638012351604202857e-27 1.352732589356297238e-20 9.687870085264416577e-05 1.230014338419807562e-02 9.869628572737861871e-01 6.401206411630566652e-04
1.180949375584189246e-50 8.606638803339313070e-13 1.281710249000030257e-17 1.111717308157524379e-15 9.999995000121971733e-01 1.749001300766645068e-14 4.999668773586512166e-07 2.004619430582472303e-11
1.041339432962857420e-52 3.589953340177617169e-09 4.309981130833528092e-14 3.341292109677610273e-11 9.999759894679807193e-01 2.233857654987533088e-06 2.177290641111120104e-05 1.445438042163788915e-10
4.840722106451771241e-97 5.439300088791170113e-21 4.726105264695088641e-21 1.907776905502110810e-27 1.517967952231798443e-08 9.999999827120030771e-01 1.445940528212757748e-09 6.623769307430217219e-10
2.291853574212894312e-29 9.999974784531714400e-01 2.521261684751374797e-06 2.851436053959065715e-10 3.255921479815667357e-16 8.270226178465433765e-22 1.505960376820826465e-19 7.222226357697134254e-23
4.459400278702378958e-92 2.343926581493011845e-29 4.384672268498336368e-29 4.227826324858738590e-25 1.662438853906084146e-02 1.120158761763109974e-02 8.394952009152114591e-01 1.326788229280965181e-01
7.572351646766587363e-74 6.440053267728741573e-35 4.692702963813165247e-35 5.101584816541761424e-27 9.825690459697502543e-01 9.643761892345391520e-11 1.717619037539930629e-02 2.547635584129019377e-04
2.777316260486583911e-64 6.658145320317837327e-14 4.573162101408616815e-14 3.505512916060295292e-10 9.141121714191178249e-01 7.369528337212460412e-09 8.588760438211127946e-02 2.164785789723127136e-07
6.484996474824064418e-93 8.764318460106928327e-22 5.998202189166544858e-22 1.167265181817529425e-15 4.512395773602771894e-04 3.101730765134813822e-04 9.865436083986132143e-01 1.269497894751177476e-02
7.379682006479652703e-11 6.912109118863039026e-01 3.087871938633003355e-01 1.894176598820285373e-06 3.784198425394979787e-28 9.281087115435532082e-38 2.551447073133150656e-38 1.151080770751602297e-52
1.552338383754901788e-75 5.026708553311339154e-16 1.562854721160928761e-16 1.567556625287913774e-20 2.250329077259783372e-01 1.030783243872802337e-03 7.735906630891236091e-01 3.456459410247415300e-04
5.324541431500254366e-83 3.558385071606420745e-21 4.676484884528505236e-22 2.716111677315484707e-13 8.671205550068471213e-02 6.365551033983757106e-04 9.115221037496551437e-01 1.129285645990407488e-03
2.941922116740451672e-29 6.903293080529729897e-01 3.087235651635210076e-01 9.471267835059850922e-04 4.435402781070790421e-22 6.002650572104715315e-30 1.525553271484640694e-30 1.905273157897681185e-42
6.196205122226294070e-104 2.199450532760565613e-38 3.852887348454542311e-45 2.703219104989519704e-28 4.184369670704802987e-05 7.200010218852903838e-06 6.402810203724771387e-01 3.596699359205970947e-01
4.790401685434976872e-95 2.912032380225324020e-42 2.150132592149096564e-47 8.632929972236494101e-31 7.908606944585061527e-02 1.484064204251719460e-05 2.905323607889949700e-01 6.303667291231118686e-01
1.000000000000000000e+00 3.529010361787940215e-29 1.391197837021942012e-30 2.434904204521881910e-41 1.030998778577397216e-72 2.267354873379022880e-92 7.854492819401388835e-89 3.372378400111215990e-108
2.686150700377615810e-60 3.991697098928636223e-11 2.926901430597899503e-16 1.920763137542947385e-13 9.242899334332888017e-01 1.201255639467592191e-03 7.043338012268855752e-02 4.075430764445601116e-03
1.000000000000000000e+00 9.004412474459205288e-26 8.982555664805089411e-26 1.520634598641347477e-40 2.542065427718130534e-68 7.589108592759289950e-86 2.846076684453044451e-84 1.283532401609713128e-103
4.353620308432960111e-80 8.222033249329451428e-25 7.153046941097085924e-29 1.006656770286127355e-33 3.482721907573011789e-04 9.950404396670361473e-01 4.535598154187439786e-03 7.568998801924015269e-05
7.838511184851123358e-29 9.949815888750948023e-01 5.017623933162744694e-03 7.871917424478905508e-07 1.791653681228652068e-17 7.305479589997515333e-22 3.563870505238522330e-23 2.824669964701236194e-30
4.769455958476632022e-68 4.509688099726097699e-15 3.141322253275411448e-19 1.415681073511740466e-17 4.665155301807432167e-03 1.313587415775040331e-04 9.951996531746764019e-01 3.832781934241762547e-06
3.354528819798418982e-95 1.585149801377580602e-31 1.423826149688028089e-31 5.461985439977770613e-24 2.158241741007439524e-04 8.503534767518102777e-01 1.493012391829581786e-01 1.294598911307051517e-04
8.766448875275878800e-60 9.616846086201003650e-12 1.995046663766063057e-14 3.723386737340927661e-13 9.998886491313099256e-01 4.614419431416443851e-07 1.108882487975309031e-04 1.167940213844043040e-09
1.590503103933611494e-26 2.363553232324433206e-01 7.636401026039575379e-01 4.574163587435716627e-06 1.169172321892291062e-14 8.326744676908415970e-23 1.081807637825152290e-17 3.896351728506153551e-24
3.148142196468579013e-88 2.397640483986369416e-22 2.008145697364405263e-22 3.706810657177823717e-27 1.712693663318819192e-04 9.126740135619619831e-01 8.706091777537829091e-02 9.379929632795367170e-05
3.898416192557755145e-95 1.684658464245718482e-36 1.193674136520478224e-35 9.820385488696240840e-30 2.549868638858028059e-04 9.896965228711048779e-01 9.493476738741363913e-03 5.550135262679020123e-04
2.569289163336291218e-76 4.150885824240561772e-27 7.221959962177562382e-29 1.633936781315751082e-22 9.827508828063267199e-01 2.513796478970568935e-04 1.699695558015830790e-02 7.819656179896408860e-07
3.397007153712579287e-74 4.472727989803480482e-20 3.758500352532263974e-21 2.527596105060318523e-18 1.378627590264233475e-02 8.038756910299546879e-03 9.776030055101799787e-01 5.719616768781857251e-04
1.248628615868428025e-118 4.958190788356931752e-39 7.312572771419386128e-39 1.295323084810334243e-31 1.377840971841520070e-06 2.155356739181093269e-03 2.465266778525815675e-03 9.953779986413212599e-01
3.409784922948881460e-79 8.563809750973128465e-25 1.110356153418795944e-25 6.162264416125892996e-18 2.164461983728053346e-03 4.141344599725867589e-06 7.083298701498477179e-01 2.895015265218245371e-01
1.646973791935902455e-86 2.476952832189166995e-22 1.670097853571636148e-24 1.753714892169079910e-15 6.388894884426655335e-05 1.729693880100364984e-05 2.940493542427846663e-01 7.058694598695683942e-01
3.274379317221083031e-53 6.038646748600469654e-16 5.672768993946636658e-15 1.255591415649304786e-11 9.990766352659417038e-01 1.516585260229378866e-07 9.216617264882703093e-04 1.551336481573513263e-06
7.304624019649201209e-87 1.196890881202299278e-25 2.044469153695466088e-24 4.365543820161810624e-22 6.276215080061190938e-07 9.967969413622099761e-01 3.145245398466462155e-03 5.718561781556085870e-05
5.612109905537819955e-25 9.631106229236958693e-01 4.829185067599539409e-03 3.206019200870456609e-02 4.792122108026449625e-22 5.681842625562008655e-31 2.649364836517530696e-27 1.256378631194739256e-37
2.426328214536324870e-89 3.639290414029781749e-24 9.752242245060850885e-29 9.699179601370649356e-27 3.270009356476862071e-04 1.304803149011393857e-05 9.994993623310549635e-01 1.605887018071096880e-04
2.229816677414311226e-108 2.017929693608340394e-39 4.577595795712362760e-40 1.630422807905802123e-40 6.848681081556544371e-08 9.964735201920247309e-01 1.370680561702133796e-03 2.155730759462235087e-03
1.000000000000000000e+00 2.270392095520875174e-37 2.252045896942240282e-37 1.906904247932490584e-43 3.924039607745310808e-59 8.861171043606497661e-90 1.173614790455390959e-78 2.852605784056894543e-96
9.203668105712721260e-80 6.433273126496295522e-18 6.433273863659171275e-18 4.680449512338617583e-11 6.817073122343593007e-13 1.758084649250869902e-09 2.377147458410893907e-03 9.976228507360180853e-01
1.000000000000000000e+00 2.317474985218868259e-32 3.802177743336752136e-32 4.167928806996645898e-42 2.001762767194892831e-79 3.517517818585030696e-103 5.061376692672094115e-99 4.263069259290280097e-116
1.889045040668847781e-45 3.626259156561995088e-04 9.993923271792148899e-01 2.450469051288762666e-04 4.424529199528290582e-35 1.572101328677735973e-39 4.206469543828721152e-38 3.708041418556034234e-47
7.129627840457283085e-38 3.512449143747911476e-05 9.974350211022763313e-01 2.529854406286223632e-03 1.059732637617592240e-25 1.623228568050321609e-33 9.262805107842724757e-29 1.060662613611191038e-39
1.000000000000000000e+00 1.067505878539710436e-25 2.637952776380656677e-27 3.741118521253151676e-39 3.813354515165312095e-64 1.097408973549793813e-81 7.691622812462284186e-87 2.710257316383195646e-105
2.445471335818496544e-87 4.257382354895876011e-33 5.211062546229453628e-40 2.310672983671726189e-38 1.707214315560322295e-08 9.996764998018788928e-01 3.234831135259696642e-04 1.245197402447041478e-11
1.203828456949743531e-86 6.302061458360785587e-33 8.714847572997477424e-39 3.998711042844028457e-43 1.549869556715580994e-09 9.999999092080930074e-01 8.923678984578228576e-08 5.247617249817303588e-12
2.315805943791765251e-39 3.234744985958142396e-04 9.996764082685187791e-01 1.172328853180130223e-07 3.256422141795120883e-25 3.224214904977032416e-29 7.256131051377921884e-24 3.534513534634366936e-40
3.736353445342344129e-64 3.339316767528250815e-18 3.398910346164607686e-18 4.872105981447158758e-16 9.718142515513226165e-01 2.317167245336638053e-07 2.778644537840885970e-02 3.990713535434688348e-04
1.772741483746983538e-25 2.636507270920628310e-01 7.357895476617929420e-01 5.597252461443799013e-04 3.359444122695134136e-19 2.167845863426873109e-21 1.229725037724339432e-27 3.002984518927302512e-37
9.133076665801137959e-27 2.639092002326833275e-01 7.359189263132888126e-01 1.718734540273350283e-04 6.246740542913549202e-16 1.250069093996375517e-19 4.267386989691937248e-20 2.549938293180649601e-27
2.314481740249197538e-08 2.640237280251523933e-01 7.359762456015037646e-01 3.228526548757602382e-09 4.005661824455960163e-32 2.169507906586376934e-39 3.444890535333803236e-42 2.632098324276113980e-57
1.003407930977274476e-98 7.234633083313589110e-27 3.911603999873442364e-29 1.419919315962059716e-28 4.637194538842212197e-06 9.999839338193616811e-01 1.267625361505286529e-07 1.130222356347868119e-05
1.381116893506098408e-71 1.748223090689327270e-29 2.562266147917050081e-28 5.707628420780629779e-21 9.972267193053577783e-01 1.048779092586445928e-08 2.773270193664741784e-03 1.318658067523820997e-11
3.538643722735817546e-67 3.650290240569506530e-27 5.378875735303499595e-26 1.083906172757903801e-21 9.972960608741130439e-01 9.248484654367382247e-08 2.703846639311508013e-03 1.728904639233469545e-12
2.012129107961922820e-87 2.810549642056689275e-33 1.284286218466549431e-30 3.927908839967755300e-26 5.488401412367625680e-03 7.626983711409781129e-08 9.945068822037798073e-01 4.640114015578362106e-06
4.486024036322416813e-41 2.853811054920110061e-03 1.105969022356172518e-03 9.960401964731518953e-01 2.342921053087093317e-08 2.887109195014692867e-16 2.036097510017162255e-11 4.732796880062360924e-19
1.034402334719109984e-73 6.556278829344393186e-19 4.136522563870017589e-17 1.557694112282836921e-16 9.195271388322658890e-01 1.169999757351760424e-05 8.036752491533687148e-02 9.363625482360204825e-05
4.263003171781502652e-29 9.704411905887221357e-01 2.952845694195464429e-02 3.035246887127729040e-05 4.520336048765684305e-13 2.780337221854119678e-21 1.632506533804555470e-19 6.642340755100968993e-27
1.103272992235804455e-80 6.457488374845811994e-32 3.034978300674513951e-31 2.291235655700458910e-16 1.657325938474600580e-01 1.923789530343566687e-02 8.150216562308819634e-01 7.854618222078549146e-06
2.046096419391258414e-84 8.162998661070583219e-39 1.214203242151297852e-30 3.254407873214383593e-30 1.075872950544932065e-37 1.179554772580753905e-04 9.883754947342215935e-01 1.150654978852036839e-02
1.000000000000000000e+00 5.116291407446940742e-38 5.102373046515289975e-38 1.351162685566176379e-45 8.683493578494468483e-76 5.650432744722446748e-104 4.597126352597727330e-88 1.465148857951479243e-106
2.356589255023651061e-71 1.150654978852036839e-02 9.883754947342215935e-01 1.179554772580754311e-04 2.427302331557004813e-48 3.254407872514878521e-30 1.214203241264568445e-30 7.270979415786746064e-39
1.000000000000000000e+00 5.771955622163435683e-38 5.756253592073084760e-38 1.858737718237505892e-43 2.896403259673506996e-90 6.996452018530051569e-117 1.365142878351238570e-103 1.961488516037188134e-123
1.000000000000000000e+00 1.328330073557291912e-36 1.239882195474359933e-36 5.985227469783247156e-45 6.296524968329281546e-62 1.310032987751170610e-84 5.371616831221947452e-83 1.000494214698897080e-97
6.544710018512316327e-96 2.265748463857940088e-24 6.026158049707497523e-23 1.424236876428777512e-13 3.548567937882613968e-08 1.938441127990821261e-16 2.195472350891525537e-01 7.804527294250254155e-01
1.000000000000000000e+00 2.027311469452519883e-23 1.892321378317966255e-23 1.963850482997468818e-32 1.967268673457763485e-66 6.510669855934368802e-92 1.015442737149795904e-88 9.179185806009668715e-104
1.377434361138758312e-44 3.547357787464852226e-08 7.154953257819559915e-07 9.999861642030793973e-01 1.308455803318344761e-05 3.500876776118901563e-23 2.699836702436442335e-10 1.063116880580029217e-17
2.752802606519088201e-22 9.965626003649109554e-01 3.294237486198200830e-03 1.431621488907953998e-04 1.367532557849875616e-22 6.410241292107473569e-37 6.576354144454385136e-35 1.017000493662712277e-45
3.256826012188771239e-82 2.121104906838172420e-16 2.085674757637694003e-16 7.470149411425188915e-18 7.532257560932135911e-04 9.978659726386626128e-01 5.653484525206325332e-04 8.154531527231940633e-04
6.368596655343391379e-36 9.964056916457673108e-01 2.719407690660262562e-03 8.748993587860631966e-04 1.304717612819868140e-09 5.305881823938626372e-25 6.868705188020475300e-14 1.230740930137718564e-22
1.000000000000000000e+00 1.360658709101065339e-24 4.228854529928940564e-24 7.111934482250389639e-30 6.169266568670881672e-51 1.125828449289255653e-93 1.267316353970409667e-64 2.109517286961723502e-97
1.907882044661635989e-64 1.631456199506635762e-13 6.531288915265549545e-14 1.661547178304469519e-06 2.244546254822061548e-01 2.187281977991523170e-06 7.033131129282185201e-01 7.222841276019043022e-02
1.679306968613787538e-41 1.938187522754045711e-01 1.931018269037176605e-01 6.130794208208775187e-01 1.721196444575188830e-16 1.637523037750720492e-24 1.463493314701888014e-18 5.909998085395978245e-22
7.804716964008623838e-31 1.182034964894654178e-01 1.401147837387834438e-01 7.416817197717511245e-01 5.069190128830099764e-21 1.030152316769972165e-31 3.058880288850072382e-25 3.189878918263251752e-35
6.372754442982147651e-29 3.998408960350365859e-01 5.985319995776554602e-01 1.627104387307985907e-03 1.284378168428711989e-25 5.802431590480742164e-41 2.193844052348180889e-28 3.504347729990621092e-37
1.364108488379743316e-38 1.458781177312167686e-05 2.530855084282223819e-05 9.999601036373840790e-01 1.837820210658814589e-20 6.364770969751871943e-30 7.113492351017055302e-23 2.021306777635108721e-37
8.647751498987896487e-25 9.108650311326283999e-01 8.913449880460538877e-02 4.700627662783177583e-07 3.537340027924235894e-27 2.940885327498338057e-25 9.676766446230959195e-31 1.919982468113085518e-37
9.784042669683934063e-77 1.016270847551570413e-22 4.167448296600488752e-24 6.190604781899713934e-21 3.520820222515443076e-02 1.879967121491447554e-02 9.459762267336745412e-01 1.589982625649938200e-05
1.652642486688761320e-32 9.087336095494769062e-01 8.544368696538522101e-02 5.822703485137886714e-03 2.030864189665760434e-19 2.441942238263580134e-26 2.653451964924706656e-19 8.368592992128864684e-28
6.232292472545147455e-66 1.226227134221518778e-06 7.281851135145772618e-09 7.079742679991959539e-09 4.957548287333090253e-04 2.794534565618002689e-02 2.142484632524624122e-01 7.573091956738963182e-01
5.849497352408203093e-24 8.282730567079998885e-01 1.384569290313360790e-01 3.327001426066397011e-02 2.274284669262112663e-23 5.411937085787859932e-34 2.045992272379109609e-29 3.412261593314289630e-46
1.018287609342874160e-102 4.824862005103980826e-35 7.936692827450460415e-36 6.681947839059141581e-32 3.771827527307088244e-07 9.415847187746367365e-05 8.637651424384459528e-03 9.912678129209854250e-01
1.429694866232743345e-35 9.771935567021564127e-05 2.011470116273968709e-04 9.997011336327024100e-01 8.039544641094061369e-22 9.122611220003319211e-43 1.022616931026805941e-27 7.313320139618988175e-36
2.982526652113236715e-77 7.914245184906562765e-33 1.784156489418236561e-33 1.423439698590806972e-27 9.993538990621305684e-01 4.874786582010775279e-04 1.586221618435247204e-04 1.178248969706657097e-10
7.801501559845382161e-48 5.656808884678231112e-11 1.311646061716009887e-11 5.417086999047495242e-12 9.999606945613225273e-01 3.915284853454097862e-05 1.524826550331853170e-07 3.238627641854598382e-11
4.168677255464402213e-91 1.688565287487545207e-23 1.395637474334000866e-22 5.516828603926513718e-18 1.158716002994093006e-09 7.849945891234014423e-05 4.592757056575949483e-04 9.994622236767140011e-01
1.851512703554021208e-89 4.747524382879985734e-24 8.831768504861218135e-25 5.105917656313624172e-16 2.675769519667092484e-07 9.633477576186904672e-10 2.218749038132767672e-04 9.997778565558865793e-01
1.000000000000000000e+00 8.944726203543031920e-26 4.877866858807298525e-30 2.915428908698173171e-40 9.856073661298855968e-75 2.218345532560696965e-108 1.185052107514295392e-92 8.218832308458964280e-110
1.000000000000000000e+00 3.389467724717635221e-33 1.848393333364214037e-37 1.054730028312213373e-43 5.503773134271815603e-59 1.148396454634489233e-90 1.003981658016273594e-74 1.312173113681351136e-88
3.357001167645022904e-27 5.905975341904991194e-11 9.999999998769064646e-01 6.403385122727569678e-11 2.097953280118051518e-22 3.612654566881932313e-32 5.378572741688640012e-35 3.851614178411179601e-47
1.852463549916488564e-35 5.757275487648408744e-11 5.889103413889250939e-11 9.999999998832559411e-01 2.802421489600811502e-13 3.285961746731183949e-28 2.523847865716385359e-20 4.189997980243480180e-34
5.135858307931358353e-87 7.302764593140348531e-46 1.293874961871233299e-45 3.526423627508373831e-26 4.305243158622608368e-02 9.557026641539999590e-01 8.765188876552775822e-04 3.683853721186924044e-04
6.684767804842878178e-64 1.086604639919802717e-17 4.717809085681500022e-17 3.934571565380268890e-15 3.027160098983486258e-02 5.364853194503217020e-05 9.283826449589114294e-01 4.129210551930456025e-02
4.386642147709753260e-67 3.972447972998519633e-26 6.576449370732926042e-26 1.045167037019235818e-20 9.715291332930580115e-01 2.535874390728745629e-08 2.847084095633903647e-02 3.918591273515068839e-10
9.106394169438971282e-94 3.023210613465081123e-23 5.968650707139780463e-23 2.003396385173672164e-20 6.938210298812724341e-05 9.951475382575045714e-01 2.715573547304130173e-03 2.067506092203046184e-03
1.910538395161627266e-93 1.132395147254261401e-22 6.268085908900181502e-25 7.757477259666651909e-19 1.424397269049592490e-03 1.199012314847335925e-04 1.469301196198322459e-02 9.837626895374823599e-01
5.049239344157757069e-77 4.500925923123907033e-23 1.038934872751970939e-24 8.909836679391339938e-13 6.506263026334155319e-02 2.831140228838361023e-04 9.341302096221638651e-01 5.240460907195787846e-04
1.471617392171896054e-37 5.177760025354264018e-05 2.719702467625665434e-05 9.999210253743588961e-01 7.109653531570745464e-13 1.385224415090728179e-17 3.955899268787272181e-16 1.957504037146458891e-22
4.483095377000703456e-82 1.859956551913314708e-18 1.444566879560056307e-20 4.827353115175476971e-14 6.361738200595080071e-04 8.926462779977642991e-05 9.681715736726206334e-01 3.110298787947170934e-02
4.337019827294168473e-28 8.600727220500431480e-01 1.350312011019489389e-01 4.896076848000182301e-03 7.636493146068406973e-15 1.820201954243634625e-20 9.616276468132881870e-19 7.588691488949417379e-29
1.057588948505322544e-115 1.293414989042300816e-39 1.063916212778693425e-40 2.808308909390870891e-45 3.826229964222568490e-10 1.364445503037995666e-01 7.111526875188825883e-04 8.628442966260586600e-01
7.116529721251897486e-87 4.593364890182367240e-24 1.533929410159057469e-31 4.387204966170237718e-24 1.295243087701685412e-02 1.640088445934179606e-03 8.510883837565488275e-01 1.343190969204999807e-01
1.000000000000000000e+00 5.540563820527589422e-30 3.322101259225101476e-30 3.408645632669824204e-37 2.811855243166409191e-65 3.078177576913330830e-88 4.559051531235971596e-83 1.216057790488276975e-101
3.750331326191456811e-92 2.210403892604817129e-22 1.104552071789327050e-23 2.404632712058565274e-27 5.035370017517275212e-08 3.656864302877822044e-07 1.722120924404188557e-03 9.982774630354652734e-01
1.492171566769863232e-62 6.039132104462074132e-19 3.114959739522434793e-20 2.397021548313243674e-16 9.958745123257098930e-01 2.764147917570138144e-03 1.361330432997077435e-03 9.323722687483174697e-09
4.790456691998777072e-28 9.265200021781211945e-04 1.683772512585213904e-03 9.973897074852366984e-01 5.777215085299083457e-22 4.928345378204650996e-52 4.712855177809637382e-31 2.533034684783263375e-39
7.029069947317675290e-105 3.509717256720018541e-35 8.916806098715451073e-36 5.511763348454467006e-29 6.923414492247898599e-10 1.100943489673589519e-07 2.782900379150777550e-04 9.997215991753946041e-01
1.681408361180373599e-62 5.321055865824979822e-19 4.882840821672185451e-19 5.993112860700526185e-15 9.977733884455927127e-01 2.053664260834379453e-03 1.691783873587712241e-04 3.768906208313877058e-06
1.000000000000000000e+00 5.524648215355368571e-31 1.359366528458528199e-32 5.719553326180964173e-46 7.472995937662427983e-65 9.052270410459320466e-81 1.348606200772022396e-82 2.793290237805336065e-100
8.459199384324940551e-48 1.223317519606735575e-09 1.120489834397865985e-09 1.085414356022901761e-15 9.993820345458414023e-01 8.592919902737136261e-06 6.090430113363812454e-04 3.271791110876813038e-07
1.046253531699567199e-32 2.174208357555259662e-03 9.973655079577441462e-01 4.602835804987493004e-04 1.042018485030852192e-10 7.140460543573720910e-21 8.305665706620322922e-17 4.999723797457602602e-24
1.000000000000000000e+00 1.958896115575438838e-33 3.119993945290676673e-34 3.859424010185056962e-44 1.821978541863867700e-72 4.090930767750561968e-105 2.326664440637743668e-90 4.706052785589187063e-109
5.531481324858581822e-86 5.061987275857058547e-21 2.913058365420835310e-22 7.669108553468442742e-25 4.135120264939663799e-08 7.397819651954997688e-01 2.598059701773919317e-01 4.120232759055977075e-04
3.105224607136435781e-90 1.560942203362374310e-22 1.331703927926496311e-21 3.696091686216259592e-23 2.353726609253947811e-07 2.999635451975146716e-04 2.407189380434550663e-01 7.589808630386865040e-01
1.620411128026777704e-111 1.144035785927567377e-41 8.568249508353715847e-41 1.829392537235369207e-30 2.348068002810827664e-11 9.357566800954223346e-09 1.931096830082112276e-02 9.806890223181313759e-01
1.812374009188279162e-68 3.233198273776712741e-20 3.618344717234367154e-20 9.954536348073760102e-19 9.787631665875085041e-01 3.601265604218071171e-03 1.763547629766746422e-02 9.151060590653596738e-08
8.893502649096599512e-76 4.265147456680220218e-28 3.610516430413546956e-27 2.049945904866851103e-22 1.052508334582418859e-04 6.414071165690745768e-04 9.975768287072207530e-01 1.676513342751864135e-03
8.627810856084870543e-34 9.940762100682086766e-01 5.908405953736927362e-03 1.538390965069726763e-05 6.840361832489083633e-11 1.202837796759487613e-18 2.970094070691650973e-17 6.657328221517458172e-23
8.228797585209097309e-76 8.652350136640918266e-24 7.279596174377190867e-23 1.547380277579175833e-22 2.281818048484673955e-02 5.856798536207435528e-08 9.771817342352756564e-01 2.671189219882942358e-08
1.528119561603563366e-63 1.620964743696472992e-19 3.159313002174907065e-19 5.156214880399342977e-14 9.975023786356346234e-01 6.785273426384682908e-09 2.497342106606319743e-03 2.724724341080259158e-07
1.169434340138049858e-93 1.174716790073173280e-34 4.366962433479966750e-35 3.156983989740436531e-28 4.870136676749677734e-03 7.417054727778153896e-03 8.730571133595782518e-01 1.146556952358938897e-01
5.885824505842504971e-84 2.039939665682297172e-20 6.333662518793415501e-22 1.358690658308860111e-19 1.818134874124200219e-03 4.957125945639113684e-01 5.022326278773386887e-01 2.366426846256775083e-04
5.838551885981892849e-26 6.041337189188388246e-01 3.927412405964998410e-01 3.125040484661331837e-03 5.592849261058748982e-27 6.518681725636757151e-36 8.489470981454667281e-36 5.288961353498858238e-51
1.000000000000000000e+00 7.650228080059428781e-38 1.618157025426598306e-37 2.138623185496666012e-58 7.614303311354827679e-78 2.371879237024594334e-87 6.824368105017389281e-95 1.527441281670456631e-113
1.888218039696199733e-81 6.639493097362027055e-27 1.454172035939601213e-30 1.064304438027449680e-26 4.852135381449038738e-04 9.689789743443690817e-01 3.023826101771426300e-02 2.975510997718153867e-04
7.710991494594737376e-94 3.934281361402938993e-55 8.158933045927299835e-59 8.346719164838833803e-41 5.123383877874536103e-04 9.671659119506852420e-01 3.231928704542428449e-02 2.462616103010676437e-06
1.885041824575347238e-24 1.738935262047187208e-02 8.089947496220184497e-01 1.736158977575097406e-01 4.158566362685430734e-23 1.253021669692349638e-29 5.075856374383958568e-32 2.321385275940049260e-42
1.016073273632543971e-43 2.430066061297376326e-10 6.058610855326760103e-07 9.999993938957906225e-01 1.172736257106055112e-13 1.673494266642300123e-22 1.921859701171998809e-18 1.021850470020863062e-26
1.416020083848450235e-70 4.751958940337029190e-15 3.900924756593497828e-14 5.227369452261681205e-11 2.440875846223193384e-10 4.528310342258956897e-17 9.845882816449169628e-01 1.541171805867791109e-02
1.000000000000000000e+00 1.031677959948908421e-27 2.426961168973103938e-27 3.891120332204421388e-34 1.525083297294725510e-63 2.670286040965793190e-86 1.334702830785672391e-78 2.433572635122016124e-93
1.000000000000000000e+00 1.345431072920143840e-23 3.165046745467661740e-23 1.162934724443525112e-40 4.827285317108404786e-67 1.148299013675240393e-77 1.516390543725561248e-85 9.037454055441602830e-101
1.573398550318999482e-85 4.675818632843713747e-27 9.984079937352927202e-27 5.266644557093267578e-22 2.275669336360149240e-05 4.538161250750785344e-03 7.765794908187165779e-01 2.188595912371689711e-01
1.400756069270056713e-75 6.716510607427816936e-22 5.792280413988289054e-22 6.837667412225083251e-18 1.356607742628551383e-01 6.075143329133798897e-02 8.028987299221393981e-01 6.890625236673821865e-04
2.842784071525010946e-120 2.766858672202702552e-48 8.928316153638065498e-48 6.492999569315575864e-32 2.795187266676181690e-08 8.875898670877167961e-09 8.333725393011165439e-03 9.916662377792175853e-01
1.640903810529770046e-68 3.161918474144629158e-14 1.402951064761613743e-14 1.910041771006586333e-11 4.664930675662776888e-02 7.869262505100182992e-01 1.607548642036857323e-01 5.669578510522192000e-03
1.761181923595688124e-118 4.053008113342364002e-43 8.635541901082470995e-44 8.809493807139523528e-40 4.817639534382959678e-09 1.466091206953604089e-03 7.486049218615939416e-04 9.977852990535452937e-01
3.684070987272600236e-91 1.075570427547397084e-28 2.549003424578281431e-29 2.505437120562498052e-23 1.138124297368324749e-03 3.044289334517456951e-05 1.813909761782735719e-01 8.174404566310130571e-01
5.452157726905079532e-84 2.272478694824177908e-25 1.628457453919331138e-25 4.680064853430218952e-21 1.855146712804520929e-03 8.922986695369198792e-03 6.846173927340147847e-01 3.046044738578114752e-01
2.758900934016290644e-24 1.293500984522748809e-01 8.705544062368457681e-01 9.549531087929841189e-05 2.799509678145293364e-20 6.720854617381891016e-26 2.337380777588796594e-28 1.010935435419040286e-40
1.466906753860755998e-20 1.722376138567638937e-01 3.387975852196227766e-01 4.889648009236133852e-01 1.155025829096086007e-23 9.092369257298905974e-32 1.458007309213189699e-30 2.157875208637711711e-42
8.159447823239991749e-31 6.515076345608239450e-01 3.462240713723310215e-01 2.268293876697880310e-03 1.901457625904407524e-10 9.882962439687500796e-20 1.337836550140835428e-15 6.876094202586271751e-24
4.814898810532316625e-36 6.537312684501230819e-01 3.462577880594698287e-01 1.094348817298512578e-05 1.337458150592776267e-12 8.556129016452882739e-13 4.092546368606881890e-14 1.036181415213218482e-23
4.935917851207349406e-27 5.112831625669696581e-03 8.811836806058915769e-03 9.860753315682697639e-01 1.762671380908278327e-15 5.630630342595342444e-38 8.331519972738070513e-20 1.085438556691205303e-31
3.882016653369290475e-42 3.499289905663794439e-03 9.728634749381358526e-01 2.363723507170336496e-02 8.245528960247604915e-11 1.151243512949813696e-13 1.909297026072319558e-12 1.722776299671654789e-14
9.615601936541854853e-30 3.494814201377504682e-03 2.549531778926731815e-02 9.710098680093537382e-01 1.434454822477024611e-15 4.825744085955062017e-28 3.672038552169494034e-20 1.687310522127657870e-28
5.393198109923543885e-42 4.363118200867877314e-06 6.773915959447295689e-06 3.330977339378270028e-05 9.995493545408403735e-01 1.224799184243027002e-10 4.061933345569074651e-04 5.194568826698852603e-09
5.628499849126559286e-55 8.609562942156142282e-10 5.425320315609186978e-09 9.999999936423109581e-01 4.176128233726463529e-11 1.000902348341459555e-21 2.963775505493297104e-11 1.342281118130539901e-14
8.622853995317357041e-32 7.562165420656713488e-01 2.435881559383456518e-01 1.953019959830290617e-04 2.961275110058918687e-23 6.433639666645484476e-33 2.128671331676912910e-30 4.189393149084838799e-36
1.232384375375008535e-66 1.439418995897459358e-29 1.220539581882801744e-32 3.457064236956122537e-18 6.961224188752911379e-01 6.349087436972786497e-06 3.038146319828662345e-01 5.660005440568725805e-05
8.612724416976388756e-32 7.563637111836752913e-01 2.435900746665029815e-01 4.621414982164645090e-05 6.612387724881997326e-21 2.581824907324287080e-24 3.086570390056459339e-24 5.617504566695189474e-34
1.576450234986029063e-80 7.105211536735524769e-22 1.860161058515053454e-25 2.804854333405331350e-19 2.855908527362142624e-01 4.605035857688228571e-05 7.143552826543559942e-01 7.814250852917065522e-06
7.424443366840613563e-90 1.381164127838843117e-30 4.821395514014372774e-30 9.755834776930939880e-19 3.003276968627487803e-02 5.555244786596302831e-02 9.144135290997311705e-01 1.253348030949699995e-06
5.132590124516279929e-33 9.438236879540218283e-01 5.617383209527966603e-02 2.479946043707012486e-06 4.654776428544224203e-12 1.300468472019788898e-16 4.468482676669540301e-18 8.937690235008823490e-23
2.628672126793578617e-86 1.959076124193290909e-28 7.719136367962777331e-28 1.968608041401966276e-26 6.624896562819924405e-06 9.999882795762596865e-01 3.543251273758589346e-06 1.552275903797447309e-06
1.046360617048260091e-113 3.724850712638752044e-43 3.538196271607776891e-43 8.565454547565568848e-44 1.844591058648960023e-05 9.694115995320177204e-01 1.683529316799308806e-03 2.888642524059648400e-02
1.115995000873867207e-103 2.368589625487284760e-29 3.518983232033495007e-29 1.730725160818840372e-28 1.786608939923547612e-05 9.999608145925628078e-01 2.032976381617845605e-05 9.895542217176758514e-07
1.009247601325813284e-43 1.998029927773123822e-06 1.996422678217888252e-05 9.999780377432718748e-01 1.802543142917320796e-14 8.291775188943789400e-23 2.147645941987140600e-17 4.348226404385473258e-22
5.502782957594874336e-40 9.026271820033183735e-01 9.737166335410256390e-02 1.154429812899613842e-06 1.990814920319954310e-10 3.839687082129320356e-12 9.844397693791918043e-12 5.164003224113223813e-16
2.602866708837656935e-84 8.346229866247469815e-32 8.650298343385714754e-32 5.757229993025050300e-20 8.994073131005719812e-02 9.093448983113739947e-01 7.143600801221089642e-04 1.029844679520714922e-08
2.271945395231178222e-25 1.682522405290951331e-02 9.829222598227208563e-01 2.525161242786863472e-04 9.090876826786740939e-14 2.289403314354047325e-33 2.316514553685472083e-19 6.176151511500559393e-35
1.000000000000000000e+00 3.214294924250218624e-27 4.127633295745696823e-28 8.437171128770512131e-39 1.155823117502484783e-68 4.316957527163690972e-100 1.032534321470947768e-85 2.062404587550284770e-103
