1.818252993075802091e-44 2.255744610148548070e-03 2.255744610148548070e-03 9.954885107756423768e-01 4.059756207117920562e-12 1.400758502072343116e-18 7.738935572211294750e-16 6.220457109717774906e-24
8.782659621320871793e-59 3.282984615520339466e-16 3.282984615520339466e-16 3.989527188395800190e-11 9.813241903122379428e-01 1.025989865416107854e-03 1.764924893576480872e-02 5.708466852698823243e-07
1.400537620093197814e-57 7.733325591093345529e-11 7.733325591093345529e-11 1.797528382848513192e-09 9.780365529102859057e-01 8.323773660094421420e-03 1.363838612334379585e-02 1.285354081101845110e-06
2.904602848244132977e-31 9.639518639414484946e-02 9.639518639414484946e-02 8.072096056947685172e-01 2.151681862391430282e-08 5.406318170979290467e-19 1.232693969903624321e-13 1.760551134471027274e-21
1.519411507149732647e-22 4.995081130248410495e-01 4.995081130248410495e-01 9.837720642714032487e-04 1.886039586313358442e-09 5.168622698569334723e-19 6.838920726202964142e-15 6.537484992769053351e-24
6.696926869870344562e-32 1.159643413088725901e-03 1.159643413088725901e-03 9.976660599039973709e-01 1.465326460282016769e-05 2.772031585970241018e-17 5.222350042442800664e-12 2.091548663833136809e-20
9.999999998257422806e-01 8.686446682606185466e-11 8.686446682606185466e-11 5.288272233307533537e-13 1.237873836229942190e-36 1.570051293376622267e-71 1.638394153625013570e-49 1.208362547948480092e-65
3.019737280130018465e-83 2.907779968698159150e-21 2.907779968698159150e-21 9.118634378557337119e-14 2.295999165718818710e-05 9.998736509014087837e-01 9.336089855142139335e-05 1.002820829151037343e-05
1.931868702766971129e-40 4.999999253208045613e-01 4.999999253208045613e-01 1.493582964759124443e-07 9.438320653526134825e-14 7.471042112864134754e-18 2.283059098893124076e-19 4.132324324580297487e-24
3.095600587080803125e-55 1.810888758307262399e-10 1.810888758307262399e-10 3.563848048191963493e-07 9.754764064885651509e-01 2.721520386551948702e-09 2.449040264573595915e-02 3.283139719598008373e-05
4.124763247566706505e-50 1.417691554407257155e-12 1.417691554407257155e-12 3.068526618487025445e-07 9.993899624777285995e-01 1.691015652203544414e-07 6.095300868999291473e-04 3.147830904597043178e-08
4.925447872600460106e-113 7.486390348091068025e-49 7.486390348091068025e-49 2.078457937568190569e-30 3.014011876447300368e-07 4.543152643353656954e-08 8.542376818985765723e-05 9.999142293990961328e-01
5.294506237096165093e-72 4.109094507665650254e-19 4.109094507665650254e-19 5.464050331765121922e-14 5.667661861749085019e-06 9.999912425314670950e-01 3.071286505063022847e-06 1.852011154902748183e-08
1.054985337647512855e-97 7.413381901198434311e-25 7.413381901198434311e-25 8.419343282996611742e-21 1.087797601669737572e-04 4.884309599610430408e-04 3.245603313339794765e-02 9.669467561464740735e-01
3.463424821020002108e-98 2.767535109437754776e-25 2.767535109437754776e-25 6.934478143148478558e-32 2.980076772310745979e-06 4.157375609388782450e-02 9.441713422525717381e-02 8.640061296040827399e-01
1.000000000000000000e+00 5.139696643423088449e-29 5.139696643423088449e-29 1.191173530607122038e-36 2.545185110278843135e-79 4.339668861586788504e-105 3.911995199709064622e-98 5.155074461341012452e-127
3.523022556421462713e-71 1.403638477187888830e-33 1.403638477187888830e-33 6.582556694233133697e-20 1.949530830793690384e-01 2.750112277486183467e-06 8.045039529611671680e-01 5.402138471863716191e-04
3.416175521050684371e-83 7.204264062709723030e-23 7.204264062709723030e-23 9.807596509496824000e-21 8.286204767976617551e-04 8.291876017906375518e-01 1.674159605244469606e-01 2.567817208117919182e-03
8.501971977329297537e-28 4.869565824363504825e-01 4.869565824363504825e-01 2.608683512729878182e-02 1.668320347357897453e-16 1.006846019992706286e-29 2.381876779582500195e-23 6.096493243529139882e-33
1.834891882177531120e-28 4.999995057981748703e-01 4.999995057981748703e-01 9.882568368548324734e-07 1.468131732632130822e-10 1.365507590915398991e-32 2.330358641343028506e-16 2.368644736278141209e-25
1.081891468278958327e-95 6.263117423738210269e-31 6.263117423738210269e-31 7.962402688064637187e-23 4.590353952978081030e-04 6.755133567562199249e-04 5.004714171715641813e-01 4.983940340763818866e-01
4.823112760992453202e-61 1.548250758586821050e-13 1.548250758586821050e-13 2.764331563896849449e-13 9.586323262577929327e-01 4.250692249879874598e-07 4.136680135845533651e-02 4.473139405962625949e-07
3.399237477476219325e-22 4.998838100380584848e-01 4.998838100380584848e-01 2.323799238825664576e-04 5.054523602854852396e-16 1.153935852443867189e-21 6.922653541596795775e-24 5.407988825649926190e-33
4.281296015439020228e-37 4.985734965280843589e-01 4.985734965280843589e-01 2.853006941284430120e-03 2.546734309658864877e-12 1.085650469209838683e-18 1.207466804939254317e-16 3.645853059335855169e-24
1.750219456761010702e-28 4.935829313053825551e-01 4.935829313053825551e-01 1.283407468068743437e-02 6.270793750065175846e-08 2.029635228500619939e-14 5.896152987497898910e-13 5.124924852654664963e-20
1.047703386403834637e-112 5.891818448913135768e-44 5.891818448913135768e-44 6.399789167594486819e-34 1.824036527454230386e-07 7.769291806207856226e-05 3.860522097398254738e-03 9.960616025808869400e-01
2.711529477910060991e-27 4.999977567044187610e-01 4.999977567044187610e-01 4.486591162474920656e-06 2.689693516854257641e-17 2.810037664228167633e-33 1.980141603282311827e-23 9.742271742160475151e-34
1.659779285982234344e-25 4.907103871606026124e-01 4.907103871606026124e-01 1.857922567879470924e-02 7.788193469405688390e-18 9.866299533211888953e-31 1.692883724625512592e-24 7.391329361762890007e-36
1.000000000000000000e+00 1.969721640517123602e-45 1.969721640517123602e-45 3.615603235423301471e-49 2.186350229970873459e-73 1.710778282518246451e-115 1.464817213758960274e-91 2.146415269984971573e-127
1.109597552584475095e-32 7.597237143336222839e-03 7.597237143336222839e-03 9.847580419458240586e-01 4.748168895351229042e-05 2.257427925770720172e-17 2.078549812771480021e-09 7.423435732350929746e-18
5.052856632896219998e-113 1.244520643228828184e-45 1.244520643228828184e-45 2.464300848600200402e-26 3.175170792512789072e-08 1.151440009145889281e-10 8.804974861688691021e-04 9.991194706469791464e-01
6.991075509811473677e-95 1.668332349414532791e-27 1.668332349414532791e-27 2.083299096111567671e-19 1.388859010224364208e-03 2.369356290158271042e-07 5.091350526104693186e-01 4.894758514436773900e-01
5.366912280575317104e-17 4.999999876862274428e-01 4.999999876862274428e-01 2.462754512481916003e-08 4.867539916082283426e-26 3.019601900809474714e-33 2.522067389634753487e-38 3.968166139534511723e-52
4.631954301400061055e-26 4.959217602879814057e-01 4.959217602879814057e-01 8.156479424037174630e-03 7.048151574343005102e-19 1.577773277821338972e-27 1.052443894144790852e-27 5.502572736241830156e-40
1.235016724911037354e-74 1.415043969994858154e-22 1.415043969994858154e-22 1.610991831511866045e-14 3.231565567676817491e-02 9.624758520957976682e-01 5.208490663156165913e-03 1.564261862768217561e-09
1.020630751096135173e-25 2.030063596461230968e-01 2.030063596461230968e-01 5.939872807074251249e-01 3.287267116231953910e-13 1.074393274583388967e-18 4.027387799470042210e-19 1.154836850775653871e-26
1.000000000000000000e+00 5.193794919012999891e-26 5.193794919012999891e-26 4.629416835871233074e-34 1.897333899932960337e-62 1.632369983254457406e-84 1.441125929268582532e-79 2.622911899826373267e-101
1.233689105700407001e-92 1.790757064990133064e-32 1.790757064990133064e-32 5.752805587228812643e-25 1.339468927706863929e-03 1.216633472444433270e-04 6.346140852305992563e-01 3.639247824944494836e-01
1.000000000000000000e+00 4.637148248665054702e-32 4.637148248665054702e-32 5.181767322166393127e-43 3.157120720889141737e-65 4.991339323117737732e-84 9.438648107693496039e-82 9.610120401851661969e-102
1.127885862149050051e-84 1.211126120535139989e-23 1.211126120535139989e-23 5.992588822831100336e-15 5.256462449014565053e-03 2.047284204614013142e-02 9.414506593795166633e-01 3.282003612532269354e-02
5.403330422492156532e-49 4.532469089633292267e-11 4.532469089633292267e-11 2.797949385307545225e-08 9.848850905848510751e-01 1.010407496495134268e-09 1.511388683974229132e-02 9.934948558433750025e-07
2.136254267631579922e-51 7.365131624597001371e-08 7.365131624597001371e-08 3.774201620208858044e-04 3.836843434963460586e-01 5.789985325080008322e-02 5.577510182275761119e-01 2.872175606244167204e-04
1.597658393424436696e-95 2.526818796567609501e-19 2.526818796567609501e-19 6.841891546243931407e-21 1.318804671896942233e-08 9.998963993720522136e-01 8.339399803219596898e-05 2.019344186885678263e-05
7.589613813185309068e-29 4.999951936138676278e-01 4.999951936138676278e-01 9.612619277406467001e-06 1.529869753092798568e-10 3.465627662808795355e-19 4.416822186427408066e-16 4.602051769105131222e-22
2.936719144309199872e-90 1.881661373471259592e-28 1.881661373471259592e-28 1.467509031880532746e-24 1.225230531489209830e-02 1.196978613993128493e-02 7.003632237652432369e-02 9.057415861686523018e-01
2.929956179408968251e-73 3.414290272176333746e-35 3.414290272176333746e-35 2.345338757828670842e-26 9.793550091811333846e-01 3.389366951162656956e-10 1.844228416770168563e-02 2.202706312228295757e-03
1.586990534113521460e-63 3.316168337088903271e-14 3.316168337088903271e-14 1.561752180999696058e-09 9.136784852127651790e-01 2.456658907430773768e-08 8.631875540520400625e-02 2.733253623305906115e-06
5.855176177810837291e-92 3.876348962517122708e-21 3.876348962517122708e-21 6.173363863075933037e-16 4.025179070413853824e-03 2.640020319114895616e-05 9.243074640951001175e-01 7.164095663129421698e-02
5.537338563643173026e-11 4.999983129263322335e-01 4.999983129263322335e-01 3.374091962217485745e-06 1.203842112780138206e-27 7.917681101964213684e-37 1.280257576918828037e-37 8.343857760841995622e-52
6.055783764916058699e-74 7.995540238775705732e-14 7.995540238775705732e-14 9.900250735305942012e-18 2.375002006231234086e-01 6.111807608174793429e-04 7.604915996938774736e-01 1.397018922021605204e-03
9.024500682957395073e-82 2.760757964352630696e-19 2.760757964352630696e-19 1.772494815185867579e-10 1.026451074085639042e-01 4.291323984841740268e-04 8.946098175002997754e-01 2.315942515402657272e-03
2.204281035471779640e-29 4.991576415014593038e-01 4.991576415014593038e-01 1.684716997081377047e-03 1.410239605349851813e-21 5.125916713420901890e-29 7.647430050404965862e-30 1.410910607856940590e-41
1.143866344653678114e-99 4.996601117670972382e-38 4.996601117670972382e-38 5.246412624637850779e-25 5.497895783047841234e-04 4.877728253592302829e-06 9.777057519515426343e-01 2.173958074189905401e-02
2.411455899159763483e-90 2.642135533494749537e-39 2.642135533494749537e-39 1.405913917849208675e-24 6.764824734971736087e-01 3.173126919529447770e-06 3.085665331906630726e-01 1.494782018524378094e-02
1.000000000000000000e+00 2.181565105009763826e-30 2.181565105009763826e-30 8.532067115554983716e-43 1.819889899097666430e-69 1.796317068412890044e-88 1.024278291364504164e-86 3.135671298953842512e-107
1.806213018589796910e-55 4.817309029238726952e-08 4.817309029238726952e-08 4.139290553231671184e-07 8.999701299113285202e-01 8.308771961259336296e-05 9.981773992286999131e-02 1.285321709529942146e-04
1.000000000000000000e+00 4.990418547977400465e-26 4.990418547977400465e-26 4.093085908692248276e-38 3.739355687363518909e-64 1.427506841830136672e-83 5.335232286421572683e-82 9.973224274308989181e-102
5.203771920683176044e-79 9.827930696509079772e-24 9.827930696509079772e-24 3.940320903718557672e-19 3.483895556162707125e-04 9.970964482831885523e-01 2.513218504245636788e-03 4.194365694955943055e-05
8.878907637490531097e-27 4.999998906220420869e-01 4.999998906220420869e-01 2.187466576197390341e-07 9.258265540958760148e-12 8.136225544894173265e-18 7.719250535455751583e-19 2.668178797924422731e-28
3.676744765503945394e-67 7.969037142002142795e-11 7.969037142002142795e-11 2.735953418540598816e-07 6.432810378248026151e-01 4.688874402982536928e-05 3.560078349849757351e-01 6.639646914692176735e-04
4.112351153842017088e-93 3.848942096022549599e-30 3.848942096022549599e-30 1.949154177674944100e-19 9.368745250284018057e-04 7.311015442499049222e-01 1.429064451994829510e-01 1.250551360255837130e-01
2.360930802569285623e-58 3.385046718296558301e-10 3.385046718296558301e-10 6.566246470312280220e-08 9.534966442192834846e-01 5.750758739462919174e-07 4.650208812526698127e-02 6.262401015472637757e-07
3.501799860848946253e-26 4.992543267380102900e-01 4.992543267380102900e-01 1.491346453448537997e-03 7.052943272033225440e-11 1.607202330130512983e-19 1.435383208283731416e-15 2.455458326704619838e-22
2.380763945524554666e-86 6.344638103634898876e-21 6.344638103634898876e-21 7.718802685805911302e-23 4.586235785845437364e-04 8.551558965383430078e-01 9.739528633148808456e-02 4.699019355158433331e-02
2.011633328031525250e-94 5.246259892828574397e-34 5.246259892828574397e-34 5.507860584592090980e-27 1.090136850398185911e-03 5.972252474888418705e-01 4.008957505037051838e-01 7.888651570547296037e-04
2.943414127631403663e-75 3.179710045230599037e-26 3.179710045230599037e-26 1.796800248309921282e-19 1.033369403132332470e-01 1.521780763926534365e-03 8.951396300594144373e-01 1.648863425771317723e-06
4.291324512388727600e-73 3.788139796070174572e-19 3.788139796070174572e-19 1.775211591385447483e-16 1.602756798160804262e-03 1.112286423835866060e-02 9.834956992239599627e-01 3.778679739520370787e-03
1.293801818987108444e-116 6.239880225290173461e-38 6.239880225290173461e-38 1.187853428221810384e-29 2.412497581938073210e-07 2.524630312175508680e-04 3.104198532805948520e-03 9.966430971862182409e-01
6.832721916987791661e-78 2.856649218880904653e-24 2.856649218880904653e-24 6.821881163259140734e-18 2.733644680988747688e-01 9.710936986985807030e-05 7.065257209301368801e-01 2.001270160111851687e-02
4.867518924809392195e-85 4.099175958549552319e-23 4.099175958549552319e-23 6.135458628710454560e-15 1.344371124820567184e-02 4.934349073254166822e-04 9.224136800139425274e-01 6.364917383052030864e-02
9.627314817555581156e-52 6.143222452957976761e-16 6.143222452957976761e-16 4.870674175177973757e-11 9.972606067819080877e-01 1.479498211061573858e-08 2.739001363240767348e-03 3.770111611324866354e-07
1.261772578600972120e-87 2.089190060723502245e-24 2.089190060723502245e-24 4.733400075921059063e-23 1.238202018362529014e-05 9.995094373404491694e-01 3.072108372462953861e-04 1.709698021209307478e-04
7.300263404658866858e-23 4.809256204620231956e-01 4.809256204620231956e-01 3.814875907595360882e-02 7.971745428945090431e-19 3.913785595269570901e-29 3.783683372660558352e-25 1.933615897945123791e-35
7.152509162612605546e-88 4.900287568491740580e-22 4.900287568491740580e-22 1.479122166504661327e-20 2.122043913695562459e-03 1.346429779263826603e-05 9.974708212229180804e-01 3.936705655936559387e-04
2.952979580284563657e-106 2.770568098741409518e-35 2.770568098741409518e-35 4.176236328025559603e-35 7.060375859926228122e-08 9.914006943784748893e-01 3.332688345693852333e-03 5.266546672072685252e-03
1.000000000000000000e+00 5.549396438154537777e-37 5.549396438154537777e-37 7.825612929384235894e-41 3.702903698007906239e-57 1.362715157796187164e-87 2.179637209465680323e-76 1.044952597373261624e-94
2.889971056918182967e-77 4.038511238937947883e-15 4.038511238937947883e-15 1.469670697161016885e-08 5.576703889154195279e-04 1.933631418334573818e-02 8.396188432960758341e-01 1.404871574349480234e-01
1.000000000000000000e+00 2.912579278330577072e-33 2.912579278330577072e-33 6.679187949314411821e-43 1.908220231536548071e-72 1.679676364344658547e-96 4.754363386974557838e-92 7.793990689123117292e-112
3.644444679817642539e-35 4.999911946050073497e-01 4.999911946050073497e-01 1.761078998529882179e-05 2.688914814766751084e-25 4.683233709563706821e-30 2.008198785918592660e-31 1.771001628316323915e-40
1.375745713970176428e-27 4.999091077915772119e-01 4.999091077915772119e-01 1.817844168450160713e-04 6.440781497131613430e-16 6.079978907489209467e-24 4.421403915287326149e-22 5.065010369686877941e-33
1.000000000000000000e+00 1.067515721840624749e-25 1.067515721840624749e-25 1.514343260969869421e-37 6.031856211891536196e-65 1.736409546270880018e-82 4.385471208239873094e-82 1.065763738424523630e-103
3.016081192860139267e-86 2.228943759411894939e-29 2.228943759411894939e-29 1.516122109015967717e-21 1.383219558757767486e-06 9.996752322066405627e-01 3.233840698717908814e-04 5.039288261401094218e-10
1.485200735347035192e-85 3.298736333669752181e-29 3.298736333669752181e-29 2.622945280528143745e-26 1.224069576640483089e-07 9.999997881430781055e-01 8.923760489899660630e-08 2.123594110002452913e-10
1.903323130001709510e-31 4.969333711663628250e-01 4.969333711663628250e-01 6.133257667274336945e-03 7.468040475454588429e-18 7.834783087535579258e-27 5.705419629953246645e-25 1.845292610210933224e-35
5.767810285747302495e-63 1.544823304005485346e-16 1.544823304005485346e-16 1.137371789176904951e-15 9.714830708892329136e-01 1.545133492140184887e-07 2.723619716392519305e-02 1.280577433491181943e-03
4.132859358832660175e-24 4.998082462030598583e-01 4.998082462030598583e-01 3.835075938771884195e-04 3.065434917959060741e-15 3.956249776206050720e-17 5.260311810898950678e-24 5.378163071622120056e-35
2.116691622840019079e-25 4.999411038368306581e-01 4.999411038368306581e-01 1.177923206346849402e-04 5.701522499917860676e-12 2.276834531907266022e-15 1.803965444687581289e-16 4.563648504238825834e-25
5.350100263631640123e-07 4.999997313885392591e-01 4.999997313885392591e-01 2.212895049751724379e-09 3.656463817399652336e-28 3.947954958416786781e-35 1.448717086084212693e-38 4.709229620463920277e-55
4.226680747399073011e-91 4.663356013692588715e-19 4.663356013692588715e-19 1.263127699534566829e-19 3.025066148446821816e-06 9.983398115316062249e-01 1.493339116169171716e-03 1.638242860761805080e-04
8.596419116201496739e-64 2.206730343495915858e-19 2.206730343495915858e-19 2.378117736783205625e-11 9.612405306498059687e-01 5.416449947750187811e-05 3.870466557312221556e-02 6.392538131292742987e-07
2.203305701481118752e-59 4.634332622522197492e-17 4.634332622522197492e-17 4.519032068388660774e-12 9.616415859723678183e-01 6.068188368510223606e-04 3.775151130708804398e-02 8.387917399609428022e-08
6.248718039807575103e-79 3.198050380867495191e-23 3.198050380867495191e-23 1.715246687280341977e-14 2.656033608090293402e-02 1.347076222236806400e-05 3.835196147670790756e-01 5.899065783897784465e-01
1.608210815081643505e-41 1.054676887462774543e-03 1.054676887462774543e-03 9.978899072946799675e-01 7.386230726986410921e-07 7.932711308407308801e-15 3.073139374124913849e-10 5.271639887731042619e-18
2.066593550682154992e-70 1.345260991673614708e-14 1.345260991673614708e-14 4.947718969498659221e-14 3.853306043327598962e-01 5.449408465425251765e-05 5.645535011127813529e-01 5.006140046972822055e-02
2.606343891903271528e-28 4.998602269341655968e-01 4.998602269341655968e-01 2.795460933391076389e-04 3.832981898629201840e-11 2.305718118232775597e-20 2.794331124695083547e-18 8.477341620527412761e-27
3.588379230042370655e-78 1.473349611060095464e-28 1.473349611060095464e-28 1.208205265781046130e-13 6.057705522501908441e-02 2.149062953654510416e-02 9.172447959222814751e-01 6.875193160335066984e-04
8.220046410724881328e-58 7.124746379822943040e-13 7.124746379822943040e-13 5.620434895497215390e-13 4.930080645492620484e-01 9.831864905574855609e-03 4.914387985832420758e-01 5.721271959933911001e-03
1.000000000000000000e+00 5.045334007178860629e-38 5.045334007178860629e-38 1.362702620155282429e-45 3.376370692559762814e-64 1.971649788086561966e-92 9.771899548109847753e-83 1.228395811662218420e-103
1.059162574000839334e-34 4.985131187771549288e-01 4.985131187771549288e-01 2.973762445668599701e-03 2.160745969165184350e-14 1.435245266814696475e-18 4.224215264125415105e-19 2.529575048846011973e-27
1.000000000000000000e+00 5.691904871962749979e-38 5.691904871962749979e-38 1.874612721237442366e-43 1.126197767223053536e-78 2.441326843961961348e-105 2.901821279836631693e-98 1.644532065562594103e-120
1.000000000000000000e+00 6.050509898564975397e-36 6.050509898564975397e-36 1.021813439789248835e-43 1.496717529449744864e-60 4.501643718666063682e-78 1.018248850038818562e-78 2.591239271674673800e-98
1.752901818662726442e-89 4.907608563357710727e-23 4.907608563357710727e-23 9.746605117307893430e-08 2.296194709417157171e-04 5.490621654399968394e-09 2.194870318552990252e-01 7.802832457170865155e-01
1.000000000000000000e+00 9.234352483300698611e-23 9.234352483300698611e-23 3.352736094650205310e-31 4.676302442238801112e-65 2.237250232269907750e-85 1.924883013570868589e-84 2.377371742193365059e-104
1.427957716358272810e-38 9.167528710188231752e-07 9.167528710188231752e-07 9.999806492785924261e-01 1.751541944596077694e-05 7.882406429655254196e-21 1.796219273042570762e-09 2.527048778090346362e-16
1.243126816595920517e-22 4.965936797003043246e-01 4.965936797003043246e-01 6.812640599391334324e-03 1.167904977254052697e-23 4.577726484631188917e-37 8.995575618320043754e-36 8.638524334662408710e-47
7.455179086517238815e-82 5.069912518943403569e-16 5.069912518943403569e-16 3.525255726608108322e-18 3.312280717474629316e-04 8.764502580275097543e-01 8.558753925623587000e-02 3.763097464450592539e-02
2.767648338458841288e-36 4.778684108571656375e-01 4.778684108571656375e-01 4.426317817803102073e-02 1.076283610868456907e-10 5.736986256868156200e-25 9.353132836989949826e-15 1.198049185613833054e-23
1.000000000000000000e+00 9.606409255963879775e-23 9.606409255963879775e-23 4.088479031156926495e-29 1.400192087913841397e-51 1.165357246162607061e-94 6.523653246939705720e-66 8.314486886677877415e-99
2.793843538750358853e-64 3.504694386870758187e-13 3.504694386870758187e-13 1.860381736943491021e-05 3.362345401006210377e-01 2.924882800430513405e-06 6.128228474105967827e-01 5.092108378791145723e-02
3.124341682228379237e-41 2.906659927851201752e-01 2.906659927851201752e-01 4.186680144274723681e-01 2.285229692804049471e-12 3.898204071105488979e-20 2.028568569074341549e-15 2.373936482599297477e-21
2.051048148914479935e-30 1.957675330411623726e-01 1.957675330411623726e-01 6.084649339176751992e-01 6.953838586533107156e-17 1.896411816021224243e-27 5.979988735011499605e-22 1.860196829255662641e-34
1.403597899109679495e-28 4.993143831380160158e-01 4.993143831380160158e-01 1.371233723968001564e-03 1.964537171327768034e-21 1.087148303877673717e-36 1.086596516394589889e-27 1.330257435542623992e-37
7.235219919545659026e-38 1.398906545563162672e-05 1.398906545563162672e-05 9.999720218690885121e-01 3.875169814277640217e-16 2.312535298434783796e-25 5.096292204290553146e-21 9.200968853819166863e-37
4.813557251677437550e-25 4.999985345707386175e-01 4.999985345707386175e-01 2.930858522814892136e-06 4.376708661808971229e-22 1.053886113966239560e-23 2.351882785047813977e-30 2.329944789342473105e-37
1.127152431440842258e-75 2.229307362501421937e-21 2.229307362501421937e-21 1.903240737118811913e-17 3.244392418421816748e-02 1.004511120789753839e-02 9.573566874164763929e-01 1.542771914078818949e-04
8.917074497189289174e-33 4.824745673540631330e-01 4.824745673540631330e-01 3.505086529181925675e-02 5.456645098016244188e-14 3.613351954589142603e-22 6.679827907954768653e-19 1.047951199412342294e-27
8.058814271974187139e-67 1.581484496755889609e-07 1.581484496755889609e-07 3.332451439140891673e-09 1.307208276761812234e-02 3.103835881421767445e-02 1.238741664573569379e-01 8.320150723314565511e-01
3.989303182713890636e-24 4.892402396814927723e-01 4.892402396814927723e-01 2.151952063701160697e-02 2.886652079718274991e-15 1.900589286693404394e-27 3.659579209676043412e-23 1.185420362704740541e-39
1.407067018841155430e-103 6.318933039479230493e-36 6.318933039479230493e-36 3.153193896194083112e-32 1.188493382739693861e-05 1.242299544306942874e-04 5.549859303772742072e-03 9.943140258079692373e-01
4.529518239738650013e-34 1.296021591343554159e-04 1.296021591343554159e-04 9.997407956816305452e-01 1.007509398494924022e-13 7.946854694395013508e-35 6.587551616865565017e-21 1.744936893091323463e-29
6.206896295187734419e-72 2.089583922675634344e-30 2.089583922675634344e-30 1.211054835253135835e-23 9.903086157978377990e-01 2.142798864699501250e-03 7.548535958742471144e-03 4.937872027353051504e-08
4.179861376687646279e-43 1.506869800342684433e-08 1.506869800342684433e-08 4.199882036168031556e-08 9.998188858929668577e-01 1.737102579230700430e-04 7.323603179962368610e-06 8.109713675518761815e-09
3.830380518290919696e-88 2.235055744506812718e-18 2.235055744506812718e-18 4.456293799775123660e-13 5.993314882727978501e-06 8.753747371982862138e-03 1.393345590324516492e-01 8.519057002802371548e-01
7.127266430074865209e-87 2.790049530128100738e-20 2.790049530128100738e-20 3.553433685424509739e-11 1.526979967470227118e-03 1.183117984942752264e-07 5.818675705707612722e-02 9.402861446281208790e-01
1.000000000000000000e+00 8.944248267730699843e-26 8.944248267730699843e-26 2.626956697953943080e-34 6.072647431282044015e-66 5.424743418995666255e-98 3.275987127769431368e-85 4.203564268299153564e-104
1.000000000000000000e+00 3.389286618222755482e-33 3.389286618222755482e-33 9.503679215574270744e-38 3.391053571102306231e-50 2.808289339165852584e-80 2.775431533619923667e-67 6.711177217737865617e-83
3.207213397074594874e-23 4.999997004132145650e-01 4.999997004132145650e-01 5.991735707597004268e-07 2.879885266357850411e-18 1.141388838746622905e-23 6.646967256689796043e-25 4.926294589472556382e-35
2.820020623301501143e-25 1.100078204732101784e-06 1.100078204732101784e-06 9.999977996437272587e-01 1.998625497915874572e-10 2.284144125492252054e-25 6.929315224958324702e-16 1.071817328807447601e-21
1.017530930157624169e-84 7.982853076278224129e-44 7.982853076278224129e-44 9.633850653807469505e-25 5.987652049524622155e-02 7.768328046194720171e-01 1.583499295095520398e-01 4.940745375729731041e-03
5.898693722926545420e-61 4.228804670332368747e-15 4.228804670332368747e-15 4.225968452007104410e-13 3.513178871455521074e-02 1.278709678374128408e-04 6.142422668703033661e-01 3.504980734468730041e-01
1.082107855750221316e-64 3.016634173107148490e-24 3.016634173107148490e-24 3.431151845119173596e-19 6.561435881228027123e-01 1.970239420955996119e-07 3.438561905017141762e-01 2.435154113303609439e-08
7.616635893457288849e-92 3.323925590631607216e-21 3.323925590631607216e-21 5.800550227731012462e-19 8.568656946486528383e-05 9.389997545284871627e-01 2.950460464069899411e-02 3.140995426134896712e-02
3.558302380974705437e-93 1.403483792965857632e-23 1.403483792965857632e-23 2.189179608824918974e-17 6.001585919854407307e-03 7.983930833561980267e-04 2.223550641959653740e-01 7.708449568008239883e-01
4.076069326161915696e-76 2.891892715619587428e-22 2.891892715619587428e-22 1.631851205642332936e-11 3.569683461544947423e-01 2.315275968333644057e-03 6.401598148235676522e-01 5.565630372854651247e-04
3.586389589328019012e-37 3.013487127107150458e-04 3.013487127107150458e-04 9.993973025297586688e-01 4.481772117227933235e-11 5.129591140529015287e-17 2.202447437872933393e-15 1.089571575226557898e-21
6.835704195717522736e-83 9.303961033308998178e-19 9.303961033308998178e-19 5.522882929324787678e-13 3.626989905728743042e-03 2.129419441012946231e-03 9.465377502524078279e-01 4.770584040029817591e-02
8.423832437172444105e-29 4.939890492651138332e-01 4.939890492651138332e-01 1.202190146789321873e-02 1.879088117400934405e-12 1.541740762044032892e-17 7.424993236301010522e-18 1.751481310713482799e-27
1.390656172281663807e-113 2.338782812598464085e-37 2.338782812598464085e-37 3.136804960663030454e-37 1.269291709625512625e-09 4.979126666540057561e-02 1.992272266056138664e-04 9.500095048387021679e-01
1.143211042098122136e-84 8.965799628703584112e-21 8.965799628703584112e-21 3.692219441002858530e-16 4.421085635430965777e-02 4.619582285676156782e-04 2.396054139900646862e-01 7.157217714270577291e-01
1.000000000000000000e+00 1.647898813749088444e-29 1.647898813749088444e-29 4.056171613217494750e-35 4.320498966325961595e-64 3.543510703675536467e-87 5.482544579047573395e-82 1.387762101786899498e-100
3.972688112896446059e-89 2.912694980356232504e-19 2.912694980356232504e-19 6.173395202808317106e-20 3.697047827020464553e-04 1.083846305555167069e-04 2.794999146358494446e-01 7.200219959508930012e-01
1.341707458734412250e-57 2.007315952719453661e-12 2.007315952719453661e-12 1.453443085676438480e-05 9.942471367041104680e-01 3.355180095205997741e-03 2.383096086176119104e-03 5.267963613757254589e-08
2.791593638854205770e-24 2.163311301677862120e-01 2.163311301677862120e-01 5.673377396644276871e-01 1.798372761185273317e-20 5.352840316875198327e-49 1.366480713647524215e-28 1.524739635886065904e-36
5.512665495787415294e-102 4.225917529590128237e-32 4.225917529590128237e-32 1.337478161790022222e-22 6.677915900182908845e-06 4.246072417976732422e-05 5.034715051158696053e-02 9.496037108483330602e-01
2.315921171705573069e-62 5.854036205752592884e-15 5.854036205752592884e-15 4.139943273238564725e-07 9.907444485214906837e-01 2.002806888416362816e-03 7.233640621902931445e-03 1.868997385101743946e-05
1.000000000000000000e+00 5.430100540418658542e-31 5.430100540418658542e-31 2.857040994155948408e-45 1.390614691083303733e-61 4.580793735962825746e-77 9.528745546821151784e-79 1.109656334517355963e-96
1.076687634782341005e-47 1.241381463765772034e-05 1.241381463765772034e-05 9.442566612113763017e-08 9.155191076261659511e-01 7.875281224141833424e-06 8.444659875267232496e-02 1.496284996185727822e-06
5.209157977432559813e-32 4.943222241172662290e-01 4.943222241172662290e-01 1.135546900408429365e-02 8.276114306880600665e-08 9.645312767363894864e-18 2.402580695136317693e-13 1.026024216063772827e-19
1.000000000000000000e+00 2.508199951614977847e-32 2.508199951614977847e-32 2.246916954004492590e-41 7.104111935798648395e-69 1.916378485590235821e-100 6.424240089874727089e-89 1.413775189653690582e-108
1.521989335174490034e-81 3.107746949724399034e-18 3.107746949724399034e-18 5.533932154463900298e-19 5.304527553784253550e-03 1.280497412981658201e-01 7.811306343464379243e-01 8.551509680161192839e-02
4.639244092834403746e-86 9.897752005544126916e-19 9.897752005544126916e-19 1.635714337971044804e-19 2.106579190825040148e-03 5.748574492192218407e-04 5.048174969421392877e-02 9.468368136657419054e-01
1.174683937980326295e-107 6.643192503796637494e-38 6.643192503796637494e-38 6.584929860213824942e-27 2.186994388074206499e-07 1.885953812448241015e-08 4.236272086437601128e-03 9.957634903545855565e-01
4.083180526892419068e-63 3.750605177397284098e-14 3.750605177397284098e-14 6.878991623205811490e-15 9.861614960678525277e-01 2.343758885192769384e-03 1.148753606563366822e-02 7.208981239198701387e-06
1.640234633974861939e-72 1.335178347351701032e-20 1.335178347351701032e-20 8.086115376778020824e-17 7.599751881434369145e-03 6.377655902817571656e-04 9.906618892813870980e-01 1.100593246896692298e-03
1.251654586030929287e-31 4.999974104745368297e-01 4.999974104745368297e-01 5.083525436178081114e-06 9.551770982117636520e-08 2.375323591163902083e-12 5.404967121147764247e-12 3.992288714868457487e-18
1.209779992525496233e-70 1.078789615253071478e-16 1.078789615253071478e-16 2.466530996942992868e-17 6.065762174380227023e-01 2.351345079422232370e-08 3.934224675519487069e-01 1.291496577681786998e-06
2.720254350805693011e-61 5.169069892382164511e-16 5.169069892382164511e-16 1.861952783825799339e-11 9.764579595370732612e-01 1.457502624991343794e-08 2.353742293072046826e-02 4.602938559404597373e-06
1.646065394323125585e-92 8.569629884516223818e-32 8.569629884516223818e-32 1.072287560168941849e-24 7.126173367761004518e-02 1.009766075362550017e-02 7.095443807083667842e-01 2.090962248603977225e-01
4.342566881777961670e-82 1.699063618765699978e-18 1.699063618765699978e-18 5.408306581239100250e-16 5.574330947664550735e-03 4.344130638256368249e-01 5.577455654231837645e-01 2.267039803514388045e-03
1.822600000556872018e-25 4.875255004181172636e-01 4.875255004181172636e-01 2.494899916376555615e-02 4.381801367556278394e-26 7.886321715896748089e-35 6.641405637545600979e-34 4.447054530680715833e-49
1.000000000000000000e+00 2.460635277467414573e-38 2.460635277467414573e-38 3.585715276830789031e-59 8.503217069920540496e-77 2.262673003902931459e-87 1.943118720554927386e-95 4.368747172570550131e-114
8.730457241750332722e-82 7.353065281422192114e-27 7.353065281422192114e-27 3.893104491247168843e-20 2.053872252157298991e-04 9.899153397436438739e-01 9.834070987296021291e-03 4.520204384437378169e-05
3.564050631177396168e-94 4.354368928402231751e-55 4.354368928402231751e-55 3.057849193339888749e-34 2.167767651856248635e-04 9.892642215966078734e-01 1.051862753846186105e-02 3.740997446689168665e-07
3.927232736090369081e-25 4.380488982958800070e-01 4.380488982958800070e-01 1.239022034082399581e-01 1.363249058189785850e-20 8.441188733145058192e-29 4.950137965829879366e-30 1.435982242565479224e-41
3.749878786245493599e-35 3.931016684729789456e-05 3.931016684729789456e-05 9.999212950707876413e-01 8.459492988179656047e-08 1.536866810531399593e-19 5.878332001453173773e-13 1.194865989001275225e-20
4.836172024821300007e-69 5.584517654243501544e-13 5.584517654243501544e-13 1.785170716204709080e-09 6.979430593132326388e-01 3.430936159634413946e-07 2.974015648971762293e-01 4.655030909687602261e-03
1.000000000000000000e+00 1.047757610548616590e-27 1.047757610548616590e-27 1.512657684937524831e-34 1.698132724825693571e-57 3.971362682133397371e-77 7.222318851643462792e-73 9.213555322223489812e-93
1.000000000000000000e+00 1.366400854575281449e-23 1.366400854575281449e-23 4.520862882216784286e-41 5.375031766194865963e-61 1.707799007626569086e-68 8.205463986283894221e-80 3.421598423245309378e-100
5.654737973421087658e-84 7.501588238032030076e-27 7.501588238032030076e-27 1.062746630546439139e-21 8.297224345427638278e-04 6.957256636823951415e-03 5.577519404306414685e-01 4.344610804979919250e-01
3.283913544500789715e-75 4.854844979981846617e-22 4.854844979981846617e-22 4.778434404596244689e-17 3.038571875253113785e-01 4.196477743463726540e-02 6.483026165336893687e-01 5.875418506362068034e-03
2.166536472232037557e-118 9.584023572189707233e-48 9.584023572189707233e-48 6.747672224338671452e-32 2.267042230177396379e-06 2.947169396853176569e-08 8.550164523363277050e-03 9.914475389627125379e-01
1.860269667275560336e-68 2.670953669383979026e-14 2.670953669383979026e-14 3.422569228197253464e-11 5.052587566701826488e-02 6.352830800634344799e-01 3.040014225051937413e-01 1.018962173007447597e-02
1.473139141624581685e-118 5.188727739764263801e-43 5.188727739764263801e-43 2.211217642121772231e-38 4.517547475424591228e-08 2.155416226686472994e-02 4.545176709856190919e-03 9.739006158478042963e-01
3.213763091711749723e-91 4.313481131771765607e-28 4.313481131771765607e-28 5.042041120562846626e-21 1.706732898884282326e-02 4.594036041898246284e-04 5.881133515614441754e-01 3.943599158455232678e-01
6.875167442921830259e-84 4.196990035783449752e-24 4.196990035783449752e-24 7.807923656611244300e-18 2.607644816668080318e-02 1.443187222532133218e-01 7.173177027140416051e-01 1.122871268660642630e-01
4.104618279453733282e-23 4.999839256335820159e-01 4.999839256335820159e-01 3.214873283607583770e-05 2.028523519646118927e-19 3.539102577850482847e-25 4.953603694211475885e-27 1.569351576419593009e-39
4.950955596304246817e-19 2.069784322316058911e-01 2.069784322316058911e-01 5.860431355367882178e-01 9.980570071775269321e-20 1.234553479789956439e-29 9.997341291540487936e-29 2.902797749948950762e-40
8.415511947093456002e-31 4.968059240381285102e-01 4.968059240381285102e-01 6.388129753846018798e-03 2.216968154122964838e-08 8.473456332610750247e-18 2.154598912514841850e-13 2.172905136178697296e-21
4.974983032037739557e-36 4.999844928584251114e-01 4.999844928584251114e-01 3.101404672557148281e-05 1.562152438529215733e-10 7.357633588536703355e-11 6.632609644157699819e-12 3.142678005275627790e-21
9.485879883541405441e-27 7.688143971765740506e-03 7.688143971765740506e-03 9.846237120329273118e-01 2.354114279074236987e-11 1.276274513102958933e-35 8.153950488783941944e-18 1.216286545484697056e-29
3.898654296107789118e-40 4.896118664012587551e-01 4.896118664012587551e-01 2.077317009114548058e-02 3.096277904937944361e-06 7.073362948392855510e-11 7.576945363141169561e-10 3.923847309448136322e-15
1.496214371711695570e-27 2.671628693834487422e-01 2.671628693834487422e-01 4.656742612016637195e-01 3.143880020449596150e-11 4.060182715729085322e-24 2.089583261894138707e-17 8.472965565938791118e-28
2.271423021904444378e-41 8.746960887867259627e-07 8.746960887867259627e-07 5.995784597971480906e-06 9.996278231448331164e-01 7.881777290948917947e-11 3.644222869972969011e-04 9.312576302361661210e-09
1.836934256153265505e-52 1.092689152712756487e-07 1.092689152712756487e-07 9.999982946061671818e-01 1.452484367412266823e-06 1.405064503385230730e-17 3.437149094316227428e-08 1.439659731159767180e-13
5.718794916434997926e-32 4.997993899329518097e-01 4.997993899329518097e-01 4.012201340963872441e-04 1.786774489660638860e-19 2.248819680325705880e-29 1.803582553367808196e-29 3.544071309654941879e-35
5.707139658362382143e-66 4.780942261091765038e-28 4.780942261091765038e-28 1.054214906429320795e-14 4.398577439458020710e-01 6.575500954384520610e-06 5.596260527206698976e-01 5.096278325631511431e-04
5.713810939556736525e-32 4.999525180049328998e-01 4.999525180049328998e-01 9.496399013425449866e-05 3.988971969520577281e-17 7.207316918927310547e-21 2.615989520782125778e-23 4.748639476881800673e-33
3.127165605745220670e-80 1.011172371979244054e-20 1.011172371979244054e-20 1.202701348931878540e-15 1.884080318820194611e-01 3.058879815856961143e-05 8.115301748273210380e-01 3.120449249987120217e-05
1.763256802879177896e-82 1.063465515480798151e-22 1.063465515480798151e-22 4.319107285703242349e-12 1.018196011996525124e-01 4.854316315845699087e-02 8.069303591689956923e-01 4.270687646857578706e-02
3.603035993143639343e-32 4.999946261393228841e-01 4.999946261393228841e-01 1.074669178487676529e-05 5.818206317729693887e-10 4.477300100834921542e-10 1.874763916421782590e-14 1.983359401077871012e-20
5.968109820168674710e-79 3.830766057116560291e-21 3.830766057116560291e-21 5.596716547403028437e-20 6.526565000295548851e-06 9.999593666357543542e-01 2.065403604356937675e-05 1.345276320179813543e-05
5.068094029938976957e-106 7.169148269317720469e-36 7.169148269317720469e-36 1.784858539695832389e-36 1.520196079843730848e-05 7.934885254176525793e-01 7.839759446028370451e-03 1.986565131755206604e-01
2.235860344971928890e-99 4.464314986147777175e-26 4.464314986147777175e-26 5.961497388417237856e-26 1.802857241602167087e-05 9.985254357230403111e-01 2.068372756882643165e-04 1.249698428855385056e-03
8.069848372528394725e-42 2.016801208091877204e-05 2.016801208091877204e-05 9.999596493169333744e-01 1.465879181236183598e-08 5.738441804715898772e-18 1.128916947290106312e-13 2.519037021140162804e-19
3.156975456349288381e-39 4.996313631488477069e-01 4.996313631488477069e-01 7.298137411137151564e-04 7.445783892164800791e-06 1.098619635879271696e-08 3.191065099504567113e-09 3.730956732894146997e-14
4.400314616805401866e-79 1.442635711969726713e-28 1.442635711969726713e-28 1.846711849867395598e-17 8.339826921155724104e-02 8.391365310342812078e-01 7.700724181291836168e-02 4.579579412432193178e-04
8.136506834239768424e-25 4.995644621457376311e-01 4.995644621457376311e-01 8.710757004707357946e-04 8.054000384784787752e-12 7.383476765194180725e-31 4.497374446253698365e-18 2.291643116823443835e-32
1.000000000000000000e+00 2.850206684392267741e-27 2.850206684392267741e-27 3.030907861627387832e-30 4.236422962610918310e-67 1.569641297343677813e-98 4.214723263246104166e-85 8.450471496782459099e-103
