7.471281055410216e-90 1.5376029796664537e-15 1.5376029796664537e-15 3.104322647088041e-13 1.5376029796664537e-15 2.6386711622547766e-09 3.104322647088041e-13 1.6783192192969163e-07 0.37945728626187136 0.004256931747726417 0.1377164489346518 1.708452710677431e-67 4.385949523870978e-11 4.385949523870978e-11 3.3878731341933475e-12 0.00018175556885984353 0.0005935835476176843 3.7535745634211175e-08 2.2098508633810818e-05 0.46718597110034665 0.01058571623222128 
1.0884496590814126e-85 2.883767281792305e-19 2.883767281792305e-19 7.48733743714392e-14 2.883767281792305e-19 4.2047829031747445e-08 7.48733743714392e-14 0.004702140447004394 9.669491532875801e-05 0.10056970685302327 0.42578518068975635 3.480889848814406e-60 4.9601342938189e-13 4.9601342938189e-13 0.00016472535974633968 9.269362122036776e-09 3.120495785927083e-05 0.0030045415873967475 0.019201952709213318 0.00022564730649928384 0.4462181538558393 
1.8544602324647556e-80 2.1296924146719906e-21 2.1296924146719906e-21 8.655339825097601e-10 2.1296924146719906e-21 3.904165757741277e-10 8.655339825097601e-10 0.00850484141669302 0.0012069564292947435 0.3857997903656408 0.10384563389447143 1.8451701829463884e-56 6.3583287342016e-16 6.3583287342016e-16 0.00010703388907051764 6.335457904723177e-05 0.00014923547951165462 0.007416990700671942 0.035649274988374405 0.008612997075215702 0.4486438890605226 
1.6009136905460379e-93 2.593540689943145e-25 2.593540689943145e-25 6.239271230879999e-17 2.593540689943145e-25 5.064754106191035e-10 6.239271230879999e-17 9.742867693261909e-05 0.0015824742472389747 0.8807856530272417 0.11296534102526823 3.28036009237045e-63 2.2454467683041398e-14 2.2454467683041398e-14 2.647040436872941e-10 4.184579000303698e-29 3.940750031526705e-07 1.5722395623671212e-07 4.250111163054369e-05 0.0009855545125231242 0.0035404953289810545 
8.466819350740436e-30 0.33169256202102293 0.33169256202102293 2.959171828325074e-06 0.33169256202102293 3.826963369734051e-08 2.959171828325074e-06 2.853072769230427e-17 1.3106124994190427e-18 3.149430241264207e-23 1.957181175505078e-31 7.046618729744456e-16 0.0024581786617267403 0.0024581786617267403 1.827686967134021e-13 3.7542941049390973e-16 3.58038844795e-15 5.974835465901451e-24 2.1483226822652893e-19 4.398813528918962e-22 1.3138573924808274e-25 
6.746275369105223e-63 3.8068217871954454e-11 3.8068217871954454e-11 4.706817638596898e-07 3.8068217871954454e-11 0.005924703406243059 4.706817638596898e-07 0.01701237347399649 0.16826130984941753 0.20977633160710074 0.04599176175165655 1.7531761417466429e-43 3.326006958658733e-09 3.326006958658733e-09 0.001241622264229858 0.00021014511509876368 0.20573693431515613 0.00111106616212663 0.04912413039219155 0.2429741029755545 0.052634570557481934 
9.186888513455354e-27 0.3332891036905175 0.3332891036905175 6.59036503193534e-05 0.3332891036905175 6.870412556341624e-07 6.59036503193534e-05 1.986368100570229e-15 2.779743632467449e-20 9.404863542473222e-23 7.694949966042373e-31 9.03000320132505e-12 9.728845894183683e-08 9.728845894183683e-08 6.019981110566316e-13 1.047377674536884e-15 2.1699947917842456e-16 1.4224208525416196e-19 6.580224907776546e-19 1.6454099456409183e-24 1.3966210253666615e-27 
0.006772719660866165 9.497392317568013e-27 9.497392317568013e-27 7.0558121854216035e-31 9.497392317568013e-27 8.900468607400849e-32 7.0558121854216035e-31 1.8205917519386787e-32 4.0633596887244e-54 1.1174086361276578e-44 1.248331046975022e-59 0.9932272803391339 1.1126992306011924e-50 1.1126992306011924e-50 4.6768183103486066e-23 1.4661264088175621e-81 2.8613428993316292e-42 3.293119103084544e-54 6.7374491444297205e-34 1.386003584510732e-56 1.1961089681691444e-46 
8.74691536308729e-74 2.0493493914938848e-16 2.0493493914938848e-16 4.223648870264052e-11 2.0493493914938848e-16 9.743045937969436e-15 4.223648870264052e-11 0.0019831290175564165 0.583453402350695 0.081814054396639 0.008660472647892638 2.9647045556391863e-53 5.494486226104415e-11 5.494486226104415e-11 1.6982093262574364e-05 0.005528986015168061 0.14469491554084815 0.11599613628476062 0.010214231092964442 0.03695055443410481 0.010687135931735087 
4.037614597194122e-77 4.552956191250328e-14 4.552956191250328e-14 3.664413879406548e-12 4.552956191250328e-14 3.242260089488127e-10 3.664413879406548e-12 1.822688663842219e-05 5.098284915067898e-20 3.757002524919386e-05 5.842091512293429e-07 2.755808495189719e-50 1.0576529299126315e-08 1.0576529299126315e-08 6.751848427052557e-07 9.13781329223785e-09 0.00030037125843026684 0.9985994242327481 0.0010137684961079507 9.32303002114672e-21 2.934908426891456e-05 
3.872788628716228e-81 2.575819776707832e-14 2.575819776707832e-14 5.7223578726533385e-12 2.575819776707832e-14 5.370928350229686e-15 5.7223578726533385e-12 4.126186353615325e-07 0.0016910188527148407 0.006167427032356492 0.30471758492520606 1.3863226645413446e-58 3.5167977293755794e-16 3.5167977293755794e-16 4.0378898767221664e-12 0.006964765067347923 5.1694814957633754e-06 0.6693211594988143 1.2975041684325128e-06 0.00031541398661566174 0.010815751017079175 
9.310910560855171e-90 2.631240236462991e-24 2.631240236462991e-24 2.2497605273239208e-17 2.631240236462991e-24 1.6975592459932152e-22 2.2497605273239208e-17 4.915590029150925e-06 3.948324024835614e-05 7.701271593824047e-07 5.467542460246143e-07 1.1001662366670323e-59 8.067258175967883e-17 8.067258175967883e-17 1.0595416784791529e-08 7.172063463952059e-06 1.646179951452542e-05 0.9999291705307404 5.9996512623866e-07 6.844323496067017e-07 1.8490170555586837e-07 
1.0098789722507635e-69 1.1104332056498089e-09 1.1104332056498089e-09 0.00016919715934871768 1.1104332056498089e-09 0.012338898014521453 0.00016919715934871768 0.037017142395025356 0.01187327550134181 0.017273998483722772 0.058635180546213826 4.420412714677532e-52 2.0817185584788477e-07 2.0817185584788477e-07 0.0011908744444951514 0.004093730722638574 0.1184386866949449 0.5059332464424617 0.12329937662331396 0.02298293382586865 0.08658384231174315 
1.346817361040698e-82 1.5885443093223928e-19 1.5885443093223928e-19 2.0052815721924274e-10 1.5885443093223928e-19 1.0842469662769772e-12 2.0052815721924274e-10 0.0017302000059661292 0.00017619942359077756 0.23544958893480042 0.15709377156172208 1.810219415447587e-56 2.113789477160729e-14 2.113789477160729e-14 7.972395605458244e-06 1.7638101276356712e-05 9.90500429541657e-06 7.3186760037303e-06 0.1645375574286739 0.002683637549008854 0.43828621051687405 
6.889887803212164e-62 2.895239738883344e-17 2.895239738883344e-17 1.5084100127061385e-14 2.895239738883344e-17 2.740231366928409e-08 1.5084100127061385e-14 0.4094920397337046 1.9254898588962776e-05 0.08511125922696942 7.20678297215663e-05 7.370732956342255e-47 0.0 0.0 0.016289504329711414 2.7321400506616684e-07 0.0057138599941896255 2.401783371206698e-09 0.46776480800372927 1.6917836021133466e-05 0.015519985129231553 
2.896135695884736e-85 2.168472953837464e-21 2.168472953837464e-21 3.687683608968884e-15 2.168472953837464e-21 8.005210398099183e-07 3.687683608968884e-15 0.03733406024289606 0.00015334418463485393 0.8144380993801166 0.01967634303128418 1.0185894439423381e-59 5.37937744490034e-13 5.37937744490034e-13 0.000507182951852551 0.0008055683664258563 8.37558586333848e-06 4.3966607869663964e-06 0.10397870822054596 3.924026125131867e-05 0.023053880592219356 
5.746090569652831e-66 4.406716969900223e-09 4.406716969900223e-09 0.003734943514453056 4.406716969900223e-09 9.335998922941622e-15 0.003734943514453056 0.004402158418615995 0.012308641661257426 0.020073012536014494 0.009638150784809537 2.6005525513481677e-45 2.4354100896241183e-07 2.4354100896241183e-07 0.0004094395978632665 0.8840441917136905 0.012729899064419285 3.994263402619859e-19 0.01562650272843562 0.013330506644706933 0.019967109519102428 
1.2556492103813677e-49 6.413567944832798e-07 6.413567944832798e-07 0.4999967021117293 6.413567944832798e-07 5.594645707612909e-07 0.4999967021117293 2.864467320398192e-06 1.0867771978472485e-19 8.111740179298519e-08 3.164571803591192e-11 3.022610284374836e-31 4.106611132971153e-11 4.106611132971153e-11 5.441868113319305e-08 6.136221437808506e-11 1.8823448026107597e-16 1.8979697075004253e-07 8.968821973300116e-07 8.912494486028757e-23 2.5383875542649468e-08 
1.4412190156742393e-108 6.498437774078721e-25 6.498437774078721e-25 1.7783609100931327e-16 6.498437774078721e-25 5.287117913061562e-19 1.7783609100931327e-16 2.713861307824278e-09 0.0 0.01328321243621847 0.933413110949736 2.6227160842057613e-80 3.819207048341554e-18 3.819207048341554e-18 1.7254329141847007e-13 1.0427997707716013e-06 2.5856645963379495e-13 3.154501901365516e-05 3.1286212128611075e-06 0.0 0.053267957459755495 
1.4855008074177033e-93 1.085374089666213e-18 1.085374089666213e-18 7.863983801272638e-10 1.085374089666213e-18 1.3632678000358232e-06 7.863983801272638e-10 2.417052873528439e-07 6.094441040322638e-05 0.0016576990580280326 0.8891016280330172 6.199285198836443e-60 2.554699807617756e-11 2.554699807617756e-11 4.730488930932451e-10 0.00041717653141011346 2.2652522883361852e-05 0.00014096068632431783 2.4248432835507892e-05 0.010764747411911421 0.09780833584315965 
4.0775681575246217e-53 1.2205798001526987e-08 1.2205798001526987e-08 1.3961623959041896e-16 1.2205798001526987e-08 9.607750768540608e-05 1.3961623959041896e-16 0.0004131349731986379 0.0019648882616169865 7.435693547445321e-06 8.109887588429458e-11 2.270319593353051e-31 4.795649192063095e-10 4.795649192063095e-10 7.274690287730588e-06 6.8708323495484356e-12 0.9970708050771637 2.8249107378008133e-10 1.4927636515276965e-05 0.00042531047138085317 1.0774161898759281e-07 
1.0077023645678099e-34 0.3333325886322703 0.3333325886322703 5.050931119300551e-11 0.3333325886322703 7.702758080581224e-08 5.050931119300551e-11 2.433556151683867e-16 2.780502904687366e-50 1.7855616433565536e-22 5.2751809681598314e-30 1.4320798330853313e-21 1.0784872459033182e-06 1.0784872459033182e-06 6.75320061338869e-14 2.8197579167708364e-18 2.99972082659653e-14 2.0599281409957384e-19 1.9035468409913615e-16 7.835036554188375e-53 1.3394774447325729e-24 
1.0907298054138545e-05 9.76346551407087e-10 9.76346551407087e-10 1.7883033038220774e-18 9.76346551407087e-10 8.071811176298182e-23 1.7883033038220774e-18 5.4672881075998695e-31 3.407997202099945e-45 3.1157314054065473e-42 5.696636507441774e-57 0.9999890897729063 1.170471259423337e-23 1.170471259423337e-23 7.5945791997400275e-28 4.3783210342513315e-42 8.106735346309436e-40 2.4678276420138487e-43 1.418140945770878e-37 3.342962869497346e-55 8.01040608379233e-51 
3.9408771218005155e-85 7.568054835077479e-19 7.568054835077479e-19 6.9461371882825454e-09 7.568054835077479e-19 6.80404434983402e-10 6.9461371882825454e-09 0.0002114044852934081 1.9001812456791485e-08 0.09521410424790729 0.4845397003564609 9.172217042478836e-62 2.3694721848958313e-11 2.3694721848958313e-11 4.272541380374525e-05 1.885149847998036e-07 2.090398272829556e-09 0.00308724299453778 0.04521071128330303 4.277295836049561e-07 0.3716934592618465 
4.6988333122224745e-61 0.002951652088605176 0.002951652088605176 4.10457596173302e-06 0.002951652088605176 0.0011100593988647512 4.10457596173302e-06 1.762894395586492e-05 5.954607724570548e-07 1.0698534473623723e-05 2.343924582760274e-08 3.4374280827616794e-36 0.4949370180383396 0.4949370180383396 5.429294525217278e-08 0.000110010648169558 4.700838901434482e-07 1.0744297627620002e-06 1.2152551702503177e-05 4.1991060079737925e-12 3.071759990819397e-08 
8.481280619989659e-43 0.018223652238922115 0.018223652238922115 0.4720246823409059 0.018223652238922115 0.0007954433146977283 0.4720246823409059 2.418032782887417e-06 3.1681201249648286e-10 2.948626702728447e-10 2.4272018636548925e-15 9.17242407305178e-22 0.00016581692614117297 0.00016581692614117297 0.00014905747703199048 7.949211589813082e-30 7.596050400918243e-07 5.561327442363418e-10 3.651361190342496e-07 9.88358904140677e-12 5.7742879645253255e-12 
9.36944860373734e-48 0.11470427606081703 0.11470427606081703 0.2593245546236673 0.11470427606081703 0.0022816166683658086 0.2593245546236673 0.02906423777509971 5.800552951139011e-06 0.019840967933028576 0.0002256963197336609 1.8716477289372821e-28 7.178472738057728e-05 7.178472738057728e-05 0.010640451168300107 2.035866793999298e-06 6.878454768847037e-05 7.557588892385683e-05 0.07330969709105675 2.4325476152181853e-07 0.0015793860487496268 
0.8710101728224094 4.039110309081512e-19 4.039110309081512e-19 2.1832584063151593e-26 4.039110309081512e-19 1.684384694619749e-29 2.1832584063151593e-26 2.7108085042998685e-34 5.099018709331385e-57 8.421945542373688e-48 2.9610857859525324e-66 0.1289898271775906 6.705278225114357e-36 6.705278225114357e-36 6.519061787805793e-30 6.025704694386038e-57 1.2486858677796024e-51 0.0 1.0391992113967902e-42 3.0612303640002855e-68 4.025268114585459e-59 
4.3423479835623e-42 0.13513408696975457 0.13513408696975457 0.29171268281885854 0.13513408696975457 1.4266670871728035e-05 0.29171268281885854 1.7339242292381425e-07 3.230880325772129e-15 9.677190443519602e-11 1.218200337340239e-15 1.5975801451847417e-23 0.005578839543080449 0.005578839543080449 2.4626289240191e-07 5.123665729301114e-10 6.455937688057839e-12 1.0524213899281974e-13 7.42484398304827e-09 2.179614316332746e-17 1.2315427009430415e-13 
1.541714301158563e-64 4.186105007621719e-16 4.186105007621719e-16 1.540067407366115e-11 4.186105007621719e-16 1.3632126265357522e-07 1.540067407366115e-11 0.026432770971383 0.05451752429200435 0.14429990975273915 0.0001629567740064106 1.3327263810302238e-51 9.375586260781189e-16 9.375586260781189e-16 0.10108781267951063 0.003498361110347914 0.1386847007151438 0.00014111188842950417 0.33896485110376967 0.12121026919773834 0.0709995951628602 
5.127417649844881e-101 1.0081592230351972e-26 1.0081592230351972e-26 2.535525293172846e-18 1.0081592230351972e-26 6.869324029134957e-13 2.535525293172846e-18 1.0485574131204035e-05 1.985394182570787e-06 0.49804039274568 0.3981545647356709 2.4597239424108975e-70 8.681619220318693e-18 8.681619220318693e-18 1.3975225560523396e-08 1.045144426038524e-06 9.007220778381046e-09 9.673402416820601e-09 0.00041019334559519596 7.075124380994581e-06 0.10337422527939742 
1.4029201893996006e-64 0.00012997142824362306 0.00012997142824362306 0.002554687351153641 0.00012997142824362306 0.000585124088745901 0.002554687351153641 4.1186847031498115e-13 5.691181665638871e-14 3.91777710295787e-13 1.0391251766302228e-16 5.344308364201058e-43 0.496957789910391 0.496957789910391 6.604859092792138e-14 4.145108875386832e-09 3.34605562344054e-13 2.9564367281817853e-09 6.243763081492799e-13 1.2120737853581664e-15 1.2195699318145377e-15 
4.3230504896726227e-47 7.275863352268517e-09 7.275863352268517e-09 0.49999998832082987 7.275863352268517e-09 2.4013028625343825e-11 0.49999998832082987 2.2143133487562073e-10 9.122907348659269e-59 6.590786380243966e-14 1.8052978611172537e-18 2.2266365688317315e-29 6.005460852048702e-10 6.005460852048702e-10 8.069873195988714e-11 4.798050983248628e-18 2.3346518381281298e-27 9.415765404632434e-13 2.5057287237324198e-12 6.457508852987702e-61 1.6755879671009262e-15 
1.5658714643136625e-95 6.047160359076847e-25 6.047160359076847e-25 5.87362725841771e-14 6.047160359076847e-25 3.2786328424259113e-13 5.87362725841771e-14 2.7102672918429085e-06 9.472220743285827e-08 0.005194581784023501 0.9283351828159411 1.1013370973513622e-68 2.5441889428475404e-18 2.5441889428475404e-18 3.319288759496746e-09 6.215932637668959e-09 9.288449568404973e-09 1.3765354534976684e-08 7.320941897748393e-05 1.1915120232601592e-05 0.06638227328185536 
2.177236024081536e-80 5.96070265398878e-15 5.96070265398878e-15 3.0180862581745523e-17 5.96070265398878e-15 2.572136957939882e-08 3.0180862581745523e-17 0.0005414621285978406 0.027355675608225587 0.18756738796105304 0.024778046141369792 4.31926955101718e-57 1.3873783421546342e-11 1.3873783421546342e-11 1.9474384490074246e-05 0.33062411834614025 0.10765739856675935 0.2486748890768675 0.0023825120997391014 0.04447045038447413 0.025928559553148257 
3.684397212769603e-55 2.239093370259589e-10 2.239093370259589e-10 0.4998744196520564 2.239093370259589e-10 6.503649852662783e-08 0.4998744196520564 1.4190671013548738e-07 4.366588141489411e-16 4.330654590136991e-09 8.438666476859265e-16 2.510531939630688e-36 1.4744788264356208e-10 1.4744788264356208e-10 0.0002499680834247774 0.0 1.4455627377174906e-13 4.258536077402394e-10 9.795395254540942e-07 6.759967296606721e-15 4.0644368701697934e-10 
8.984002212906241e-95 4.3779802384098295e-24 4.3779802384098295e-24 1.3283031688120731e-17 4.3779802384098295e-24 2.700995348951748e-14 1.3283031688120731e-17 4.186757412760357e-05 0.011337521632104431 0.018397339924498508 0.7810337190409129 1.5988069313767692e-67 1.920820351141419e-20 1.920820351141419e-20 7.646307882408084e-08 0.00011990449683537508 0.00037148385575868004 2.0022491706454923e-07 0.0020747924119393613 0.026867601653290815 0.15975549272250938 
8.026362917631735e-79 7.213938726781688e-15 7.213938726781688e-15 3.638086842774363e-10 7.213938726781688e-15 1.6521995916513017e-08 3.638086842774363e-10 0.0031290739750391167 0.0002030551300006664 0.5285054245521397 0.33962266450810336 7.0901662683855495e-56 1.2960531937934133e-10 1.2960531937934133e-10 5.733588305196265e-07 0.0019279510446089914 1.9120698926547693e-05 0.0036626056350430106 0.007624665000634846 0.00011250861042341346 0.11519233997740427 
0.9999927281010852 6.291802716601293e-38 6.291802716601293e-38 1.8171123456743476e-51 6.291802716601293e-38 8.571256414058371e-56 1.8171123456743476e-51 2.123554719214352e-63 2.675136462409647e-83 2.3740344062370913e-80 6.372556489688193e-102 7.2718989147915835e-06 5.800464238720831e-61 5.800464238720831e-61 2.200590018499399e-56 3.986382168141234e-95 5.829462446725301e-75 1.2572681765242886e-84 2.5764509351918558e-70 3.35417581462208e-93 1.3051166874089044e-90 
5.511568814130891e-90 1.5656469270291517e-21 1.5656469270291517e-21 1.697474667584845e-12 1.5656469270291517e-21 2.856195371961993e-07 1.697474667584845e-12 0.0008745350881736168 0.002254805236586093 0.26409354132661844 0.5512648114634192 6.579859880588134e-62 2.206979636469866e-16 2.206979636469866e-16 1.5436437236043413e-06 0.0009316020746569915 0.00039448255863456106 3.7571212799824205e-07 0.09106377567230119 0.011713152173948048 0.07740708942687774 
1.1885569825014251e-57 9.411794244659228e-10 9.411794244659228e-10 4.9384507688245056e-09 9.411794244659228e-10 2.3998389612762228e-08 4.9384507688245056e-09 0.14198522498058253 1.4306782292839201e-09 0.03326953070414592 1.6040641208128216e-06 1.936261144607803e-36 8.244529110244613e-08 8.244529110244613e-08 0.12811426468652223 1.9676957257504372e-07 4.6890758177477946e-05 1.6029749776123547e-07 0.6957779817526437 2.845318998479465e-11 0.0008039429381940741 
5.629276945652902e-71 6.0812299945637286e-12 6.0812299945637286e-12 2.1064698210446304e-05 6.0812299945637286e-12 2.6400836737093292e-08 2.1064698210446304e-05 0.018950027850124257 0.0038693378771110583 0.5657421969225763 0.033307074761683785 7.520809849212888e-49 9.212947944660687e-09 9.212947944660687e-09 0.006398328610760395 3.824068553782534e-05 0.002762550867440521 0.005830793410495646 0.32295476904071474 0.0028085912553064913 0.0372959144768518 
7.144279610894936e-67 2.4994302575861086e-08 2.4994302575861086e-08 4.195704627681653e-05 2.4994302575861086e-08 0.04381146658233843 4.195704627681653e-05 0.002561059779983465 0.00204994429742996 0.0002875133031516499 9.658550219383006e-06 2.866735863829104e-46 0.00045779214746864016 0.00045779214746864016 5.075769218658862e-05 0.9422850750513175 0.007128411470948377 0.0006948203272702126 3.5763481431309684e-05 5.281775814634737e-05 3.313833517801989e-05 
2.7217931391681313e-77 6.155790017206186e-15 6.155790017206186e-15 5.673547009051792e-19 6.155790017206186e-15 1.8494899614471323e-07 5.673547009051792e-19 8.108942264548139e-07 0.5798002890262419 5.677118695112026e-06 6.072703721738092e-07 7.322920869270641e-48 4.1426606556776733e-13 4.1426606556776733e-13 6.031081728469302e-09 2.065831555246926e-12 0.021047364256204015 1.7327170294450036e-09 1.233582334943961e-06 0.3991396676079144 4.157528303210449e-06 
3.732310077426607e-81 8.895568458334217e-23 8.895568458334217e-23 2.1232011629936365e-14 8.895568458334217e-23 7.734852723871906e-11 2.1232011629936365e-14 0.25041928982329925 0.009915243338184214 0.19334472825392157 0.25342408301637187 8.55813051889445e-58 4.828309494651566e-13 4.828309494651566e-13 0.009827206284622542 0.017889606156145876 0.07042235072879352 0.0012880855349045536 0.08980108342565642 0.00262720597303765 0.10104111738670586 
1.1390679666410877e-81 3.484168090183305e-14 3.484168090183305e-14 2.1693679817400216e-13 3.484168090183305e-14 2.033647702282179e-09 2.1693679817400216e-13 2.1645916452375158e-08 0.03310398050113306 0.0001510736733423344 0.002268395243699641 5.050305997407648e-60 3.6569712435075894e-11 3.6569712435075894e-11 1.3134099648904752e-10 0.10636108131407077 0.4291722311648032 0.011253530968571051 5.343863130525156e-05 0.4164429863325267 0.0011932582859649928 
5.922775075615587e-57 0.0006413661598758263 0.0006413661598758263 4.700502131695021e-08 0.0006413661598758263 0.00033929215475327973 4.700502131695021e-08 0.0002304650495226448 0.20797959668734428 2.8614890420404368e-05 7.719673133721178e-09 1.4759947563325425e-33 0.0001025391404778991 0.0001025391404778991 1.8431298931417496e-06 9.644263569052101e-06 0.7883746905188377 7.213883893097376e-06 2.4407940307592202e-05 0.0008749221315095408 3.0859649881786124e-08 
5.642824509641155e-62 1.0391890970682047e-10 1.0391890970682047e-10 2.2795964545300812e-07 1.0391890970682047e-10 0.00010292352952126617 2.2795964545300812e-07 0.007017681670410159 0.2218785121539194 0.00014643302646218462 1.720644939235816e-08 4.548580978693912e-43 1.023033175168886e-08 1.023033175168886e-08 0.00832612903863936 0.002509460713542938 0.6915785500389212 2.6861567968743475e-10 0.0007472632139458704 0.0676916740495227 8.783983384917218e-07 
1.33900335095045e-73 1.0536059456664214e-18 1.0536059456664214e-18 2.199025044642313e-10 1.0536059456664214e-18 2.0058238904200698e-09 2.199025044642313e-10 0.07486580574410463 6.849349891220783e-08 0.05771672938516031 0.02457818567909673 4.2469854959693986e-51 5.604702425792402e-14 5.604702425792402e-14 0.001834055880710687 1.4166374222942606e-13 1.4397531307912804e-06 5.913675757825611e-07 0.7101791876765922 1.0103665556649552e-05 0.1308138299086907 
5.001167304981893e-05 3.3281512579312665e-19 3.3281512579312665e-19 1.0960342501082708e-18 3.3281512579312665e-19 2.5376801284580715e-26 1.0960342501082708e-18 9.956285497126192e-37 3.9440256560747915e-97 4.909480147900694e-50 5.9449407212822e-67 0.9999499883269501 3.2620043682549896e-38 3.2620043682549896e-38 2.3186620688002303e-31 2.793098985155623e-48 1.3221453914217022e-88 2.3198595454298005e-57 3.4414672737282457e-42 0.0 9.163403936186634e-57 
2.1669516537727253e-06 8.036417037621709e-05 8.036417037621709e-05 7.205673993770001e-11 8.036417037621709e-05 6.602365596676372e-13 7.205673993770001e-11 2.3111059948151802e-28 8.858957053959896e-40 9.324575303277178e-41 8.710452129145088e-53 0.9997567403924437 1.537184340424354e-16 1.537184340424354e-16 5.365515507959574e-23 3.4536561323309723e-37 2.8996232779283904e-31 8.342757032786896e-39 7.95473082236696e-33 5.091633506034681e-43 8.11914038083475e-45 
6.357486414455377e-84 1.3819688111391295e-21 1.3819688111391295e-21 8.111005576926151e-19 1.3819688111391295e-21 5.392074730655884e-11 8.111005576926151e-19 0.002392974632254579 0.2589655609733355 0.2751000350954627 0.1425842593848258 9.491395408787772e-57 7.394365651652246e-19 7.394365651652246e-19 1.40103364192179e-05 5.4693446475212485e-08 0.04190943575869737 5.528086165735803e-13 0.12760249993764664 0.021649571466806652 0.12978159766663158 
4.8757136046994066e-86 2.2342241961458254e-18 2.2342241961458254e-18 6.209863114546206e-19 2.2342241961458254e-18 4.163516235649508e-15 6.209863114546206e-19 7.844836883280764e-07 0.5413604217662538 0.0004360259111155019 7.188953213768966e-05 9.258345804381047e-64 3.0100611488974907e-12 3.0100611488974907e-12 7.21749690296059e-09 5.131569747048462e-48 0.32770620658287886 5.365935328048422e-08 0.00016942494086946434 0.12981605776852628 0.00043912813165559653 
1.0673478200924769e-57 1.6767554756877135e-12 1.6767554756877135e-12 5.703897929576151e-07 1.6767554756877135e-12 6.9197316474722136e-09 5.703897929576151e-07 0.5835341481033552 4.540450318400322e-12 0.0031459425180048978 4.564398521123839e-07 2.6019986315886503e-34 9.228551004167093e-16 9.228551004167093e-16 0.2713298676653809 3.0445998378713124e-09 2.5713597650195465e-11 7.209726405970978e-10 0.14196534771511604 2.40374059857033e-36 2.3086058114539713e-05 
2.6115320871414696e-95 1.3266717702949823e-19 1.3266717702949823e-19 8.491073475542507e-16 1.3266717702949823e-19 3.560786878299849e-11 8.491073475542507e-16 9.769869462212841e-06 2.467009818979862e-24 0.07532697398793756 0.8654696587488688 1.2108581319600352e-61 3.19430084972933e-14 3.19430084972933e-14 6.696298841531572e-10 0.0008899039939287051 1.9653024609384004e-06 1.745592662335937e-05 0.00012319056816098944 7.796636742131014e-24 0.058161080897254115 
2.261918460784886e-52 2.6999671055232686e-06 2.6999671055232686e-06 5.3543237655293856e-08 2.6999671055232686e-06 0.0007296978713761142 5.3543237655293856e-08 0.01927770774634582 0.11044762372979589 0.00016555925903945784 5.37495953220037e-07 1.3942376506744835e-28 5.21372878630506e-07 5.21372878630506e-07 9.125855068757361e-05 1.5868174678920655e-05 0.8559026942864232 1.7868617879636023e-07 0.0072365812633375225 0.006120566435384315 2.47676725000117e-06 
5.023738443167649e-89 1.9348470971387862e-22 1.9348470971387862e-22 1.1340014039681087e-18 1.9348470971387862e-22 2.467886116415156e-09 1.1340014039681087e-18 2.876907576001904e-07 0.5424505003595296 0.00018000337053178755 1.7470563302658347e-06 1.3235651672007718e-60 8.156778808153313e-12 8.156778808153313e-12 2.996836502162487e-09 1.9472992607118915e-05 0.021286745977060477 1.1281562655477615e-05 1.030876116241604e-05 0.4360042039477676 3.544280056148876e-05 
1.4559816446873957e-83 1.9613912532087224e-21 1.9613912532087224e-21 4.989530550050208e-15 1.9613912532087224e-21 3.7091958426145596e-09 4.989530550050208e-15 0.00021361825697380657 0.10639823319162832 0.45235893172673053 0.39975248528175983 7.409661661180512e-61 1.2122989824015708e-14 1.2122989824015708e-14 3.691122142089792e-07 7.055404221157999e-06 0.0004135705558724195 1.1121712588009356e-05 0.01199552812193643 0.004058794402626141 0.024790288524219037 
2.1478832155193514e-36 0.3306482880754504 0.3306482880754504 3.943891964496008e-09 0.3306482880754504 2.805671433565793e-08 3.943891964496008e-09 5.415923944956175e-12 6.006314391521081e-15 8.362299706950107e-16 1.8214630752730778e-23 4.295079515438546e-20 0.004027549893302642 0.004027549893302642 1.7720008137454582e-11 1.2974744887811612e-20 1.511936335698848e-11 4.230164999115652e-12 5.310652615510672e-14 2.9375733507676327e-17 1.969975312584515e-20 
1.0611124689910638e-67 1.0741318604427281e-10 1.0741318604427281e-10 6.983822765107693e-10 1.0741318604427281e-10 1.4797963209280446e-08 6.983822765107693e-10 5.458414931525132e-05 4.221928139380582e-12 3.44687333714427e-05 8.757212224978404e-07 1.7806521686500943e-48 3.309555898741234e-08 3.309555898741234e-08 1.3215851868320761e-05 0.0002800250501568302 1.1714010569182327e-08 0.999471694525499 0.00012327692984467485 3.3792671999106196e-16 2.1764612403937542e-05 
3.4904642393888604e-79 4.540486852615319e-11 4.540486852615319e-11 7.967296702152775e-07 4.540486852615319e-11 1.2540226252732674e-07 7.967296702152775e-07 0.00012667724809155547 9.83084119541682e-06 0.0013318037722208217 0.0008640217846058343 4.4714067207797785e-51 0.0009699670056084251 0.0009699670056084251 1.9606253392973586e-06 0.9949435710879148 2.229903514167457e-06 0.00012394994191711412 0.00022440241688345317 5.701069348070732e-08 0.000429842358589705 
4.257088816769813e-105 4.86472180382568e-32 4.86472180382568e-32 1.999203859507074e-23 4.86472180382568e-32 1.2606958945609154e-14 1.999203859507074e-23 4.028593076474934e-07 8.158503530858559e-05 0.004134919908245178 0.9847831717531639 1.672476673686706e-74 6.295397040444973e-25 6.295397040444973e-25 1.7822460503767312e-12 2.505078369155388e-05 8.42428375610492e-06 1.5923683418117579e-07 1.998131627245669e-06 0.0005999106952180943 0.01036437731105284 
3.197435073044554e-87 4.733084584914495e-16 4.733084584914495e-16 3.206534826196647e-13 4.733084584914495e-16 1.3437805492663863e-08 3.206534826196647e-13 0.00021377940136894493 4.5869379646043424e-07 0.23621931878003108 0.27825738883519097 2.278453750387741e-57 1.2009189891864349e-08 1.2009189891864349e-08 2.8453492402244553e-06 1.147109181680504e-06 6.314322797359307e-07 3.168921055974064e-05 0.004073004745498628 2.819427833387727e-06 0.481196879558191 
1.2882627190440846e-67 1.4572013944678807e-17 1.4572013944678807e-17 2.057064072027966e-11 1.4572013944678807e-17 6.18052981019698e-08 2.057064072027966e-11 0.011139113993734809 0.0023534374075356067 0.0812771584717598 0.0003784990133909358 2.3336380441983855e-46 1.6779540405406485e-33 1.6779540405406485e-33 0.0013284076110538661 0.8528517255694271 0.00034648551617477973 3.481648260462962e-05 0.04846515742420047 0.0001447824362474282 0.001680354227431037 
1.7511349646212847e-80 2.7083687976926276e-11 2.7083687976926276e-11 1.7739247268012038e-10 2.7083687976926276e-11 1.2097453950332955e-12 1.7739247268012038e-10 1.1396173145889772e-05 1.0731919009775463e-06 0.00010942354695925106 9.477667793799593e-07 6.200153123002207e-47 3.0379413854177023e-06 3.0379413854177023e-06 2.2447713589856907e-06 0.9997997307127153 5.430350530736721e-07 3.308857007080241e-23 2.5353269860005557e-05 5.440979355093427e-06 3.777023285549107e-05 
2.5078553667722974e-83 1.4341352245271753e-22 1.4341352245271753e-22 1.0637629446576058e-27 1.4341352245271753e-22 1.8707689599356955e-14 1.0637629446576058e-27 5.8217070253969285e-12 0.556911280978567 2.4120890463127015e-10 5.1122159153968905e-08 5.4405387863304194e-64 7.0953929946167065e-15 7.0953929946167065e-15 2.2050184968272052e-14 1.5167883486596431e-09 0.15938428622503026 1.2215190176294385e-10 5.379896796209035e-11 0.2837043792893275 4.4509120418765803e-10 
5.6843876646144205e-67 2.204248243230508e-07 2.204248243230508e-07 0.0002452573244069842 2.204248243230508e-07 6.291187633084057e-10 0.0002452573244069842 0.0021119349165194135 1.7164976280030075e-06 0.0019757817153824406 5.462926018620944e-06 7.887332772761726e-43 1.0682711227240243e-05 1.0682711227240243e-05 2.2743030001364358e-05 6.660826598542273e-06 9.043999300330381e-07 0.9945951461536459 0.0005711621944336931 4.1679129667392476e-08 0.00019590368585223816 
8.554504403254977e-75 8.51401888980191e-07 8.51401888980191e-07 4.606907957937268e-05 8.51401888980191e-07 1.171233442229131e-05 4.606907957937268e-05 0.0006464156334315394 0.0269325509222702 0.02022467120558805 0.00023961272897156223 6.699362943424905e-44 9.958045017534507e-06 9.958045017534507e-06 3.8098794006582983e-07 0.00013902035358940998 0.006356087938710271 0.9258529301219344 0.002061881753742104 0.01608363938377272 0.0013364881807666844 
4.082143544260479e-90 1.753381632309423e-15 1.753381632309423e-15 3.4646275168974924e-18 1.753381632309423e-15 4.584236388614862e-05 3.4646275168974924e-18 2.645178097593248e-09 0.4293495029556033 0.0001098392047009292 0.0027356069185569022 5.589794028629096e-68 1.426520815440282e-08 1.426520815440282e-08 1.719329299050808e-14 5.6780778318379915e-05 0.14126298171913132 3.7029409409809643e-09 5.161592784725774e-08 0.4262326178670217 0.000206741698295731 
5.121015774962944e-97 6.520617475930781e-16 6.520617475930781e-16 1.3987427010994908e-12 6.520617475930781e-16 1.0845559640360876e-11 1.3987427010994908e-12 8.80365763575808e-08 0.0003052336082359869 0.0007657488446334882 0.041597503540021494 2.3045460941428994e-63 4.633559746128369e-07 4.633559746128369e-07 3.4989212932187365e-13 0.954360732734154 2.9258132825639383e-05 3.950941642700588e-05 7.941925931576905e-07 0.00015674501630108856 0.0027434597522874005 
4.0546164785248065e-52 1.278948624825315e-05 1.278948624825315e-05 0.003648133443506548 1.278948624825315e-05 0.046082356472882925 0.003648133443506548 0.18299721878708528 0.16957596227616858 0.004397738596558355 8.260366875988105e-06 8.143667767076855e-30 0.004838621281666858 0.004838621281666858 0.14373714006615662 1.4935551022586292e-21 0.2782991063327756 3.2110313570138756e-05 0.1387357520198097 0.018877851373924438 0.0002446254851009428 
1.0243697909322247e-61 5.864842199744111e-13 5.864842199744111e-13 5.525420633093861e-08 5.864842199744111e-13 3.200579222112958e-06 5.525420633093861e-08 0.018777550702025025 1.863553871251096e-06 0.41510961477951497 0.0057993753870873395 2.9119997069114445e-38 2.5888074081663607e-14 2.5888074081663607e-14 0.005248739350145437 0.00012933484176688975 6.820665703150677e-05 0.0002544114293942685 0.15286980342975046 1.7147266114438585e-06 0.4017360740533554 
7.273542094123938e-56 0.16243401391125112 0.16243401391125112 0.0005257392787018707 0.16243401391125112 0.0006112800004905829 0.0005257392787018707 5.068288876817977e-05 1.1995499890893974e-06 7.260720622252384e-05 8.313983486888739e-08 4.843304910392638e-34 0.25538808641569716 0.25538808641569716 1.3565789737604716e-05 8.39479949255604e-05 1.0057713063318424e-05 6.0947086921222254e-09 1.8103362094484123e-05 4.87848371040183e-09 8.768259129861704e-06 
4.3490070051176715e-70 1.0503263358543965e-13 1.0503263358543965e-13 3.703662869379593e-11 1.0503263358543965e-13 2.0083332062881932e-07 3.703662869379593e-11 0.005653289485844126 0.13310164956346993 0.0020749659085086075 2.8534128663334912e-06 5.891600146778675e-45 2.0639018103872785e-08 2.0639018103872785e-08 0.019116506951666206 0.00019348196813763686 0.5988610007974524 0.0033003582114405957 0.04123627123678713 0.19579870716221656 0.000660673115865077 
7.683848782736136e-89 3.461850778044177e-24 3.461850778044177e-24 3.9585537058197723e-16 3.461850778044177e-24 1.969035833602017e-22 3.9585537058197723e-16 3.203570608996803e-05 1.2808407336218118e-08 0.559279659838455 0.18407884564516258 3.247753858516488e-63 6.864140217108597e-20 6.864140217108597e-20 2.1828187198611338e-08 1.061584821087038e-10 3.525418057309576e-11 2.079728075030626e-05 0.00046016688882161453 1.2585862810851717e-09 0.2561284586041265 
6.606020151190561e-104 1.6444283550245795e-25 1.6444283550245795e-25 3.8669381781618034e-15 1.6444283550245795e-25 1.691166506127532e-13 3.8669381781618034e-15 2.0472050939869067e-07 8.070457236612515e-05 0.001139783564591045 0.8649565221154767 1.903111934594756e-72 7.916476673174364e-16 7.916476673174364e-16 1.6379920881701679e-10 4.972893148985998e-07 1.2269222042170411e-06 5.8824104508060915e-05 4.86974561707928e-05 0.00161513914223678 0.13209839994864436 
5.166997472171493e-98 1.369407091359086e-20 1.369407091359086e-20 1.0157730240182316e-16 1.369407091359086e-20 5.142928787256024e-09 1.0157730240182316e-16 5.4390130855688844e-08 7.496908606383282e-06 0.000377657554598956 0.9974752445586434 6.630171148536448e-72 7.176233341978546e-15 7.176233341978546e-15 7.451385800380955e-13 6.784033087374629e-08 1.3470194136677182e-09 4.4351638135311336e-07 1.3073586311732237e-06 1.0943952657784266e-05 0.0021267774293112353 
1.4406660404054242e-40 0.3265993187222584 0.3265993187222584 0.0019321204599795903 0.3265993187222584 1.1017701496079405e-06 0.0019321204599795903 1.691223369096445e-07 8.350277872900569e-13 1.4175517591326653e-09 1.3148192311747394e-16 1.246877686249431e-20 0.008166769746498584 0.008166769746498584 2.9760338170680347e-06 8.604629756296982e-11 5.411641028515801e-12 2.9778633644416335e-11 1.4954210533471988e-08 7.632216195770232e-16 1.3027504061717426e-13 
2.1929422574088627e-65 0.0005673126700850891 0.0005673126700850891 1.9339779050153763e-10 0.0005673126700850891 9.816163363312882e-06 1.9339779050153763e-10 5.161778617506771e-11 5.1740109469941784e-08 2.714527716797613e-10 1.0846601087788514e-13 2.166546824287251e-38 0.4991437435315303 0.4991437435315303 4.273303808421826e-13 1.2028995708517608e-10 1.0539819046773805e-07 5.468996013114508e-07 3.370426626621698e-11 5.386064013162513e-08 3.833143819611942e-13 
5.393380193047209e-25 0.33233712431046647 0.33233712431046647 0.0011290210256055197 0.33233712431046647 4.842460563515834e-08 0.0011290210256055197 2.137646797012944e-22 5.148795444967747e-28 2.811362982840609e-29 2.7081895189084014e-40 4.321511368621766e-11 0.0003652682747844314 0.0003652682747844314 1.4015098354931387e-18 1.882732125632248e-21 1.834229375691256e-24 2.970494747922846e-24 2.3704434032297912e-26 7.898471189305253e-35 9.418727929787187e-35 
5.469926553033027e-76 1.6885057231736256e-13 1.6885057231736256e-13 5.124810657545891e-13 1.6885057231736256e-13 7.721994227827801e-12 5.124810657545891e-13 2.3210388001281303e-07 0.8611657032810865 3.5840488807440013e-06 4.370821894797045e-08 1.9457389932737933e-45 0.00010493315472311612 0.00010493315472311612 4.1757555310611397e-10 0.0 0.09893707469026299 7.691242678223786e-05 3.9810108988301155e-07 0.03960616215925507 2.2744268296955366e-08 
9.674753370719504e-77 2.132458602857429e-12 2.132458602857429e-12 2.6503138409086894e-06 2.132458602857429e-12 4.1961632542903126e-06 2.6503138409086894e-06 0.0007984164314315386 6.176823814885592e-05 0.5105689196077502 0.05948492073542629 1.9478037221496577e-53 4.503522158866293e-05 4.503522158866293e-05 2.5983441806351925e-05 0.002554540853262423 4.5183458528978564e-05 5.3941742074802964e-05 0.07521753923960495 0.0006241116026678212 0.3504651074087869 
3.3933109358601955e-87 3.116479064388033e-22 3.116479064388033e-22 4.8590506634304775e-17 3.116479064388033e-22 1.1610746161893537e-11 4.8590506634304775e-17 3.913534645055544e-05 0.4757206818245662 0.000723904962782845 0.004957814670496887 2.9336780598311564e-62 1.0613526290289478e-14 1.0613526290289478e-14 2.400791219353992e-07 3.4833396631255457e-06 0.02089283268472056 6.903682424432423e-06 0.0002981712469858117 0.4966104050976064 0.0007464270535490978 
4.593410508061947e-100 1.4420985469216146e-22 1.4420985469216146e-22 7.406966096419955e-14 1.4420985469216146e-22 2.2075345722813717e-15 7.406966096419955e-14 1.1905718184135424e-07 0.005491147112427406 0.002620727356073592 0.6583245956739071 7.091412287347071e-77 7.156333469230233e-17 7.156333469230233e-17 6.713552869510112e-11 1.2712832367604568e-05 1.3851245667596187e-05 0.0037176558285978993 1.1257784052359738e-05 0.11710323417788643 0.2127046988645521 
0.021890884189563968 2.0045077158480195e-17 2.0045077158480195e-17 7.474523511990337e-24 2.0045077158480195e-17 2.720315345219359e-26 7.474523511990337e-24 7.799372956318488e-37 3.59825812815523e-51 1.2146599879104953e-50 1.1892053676831698e-68 0.9781091158104361 9.364089365357216e-35 9.364089365357216e-35 9.747999565666767e-32 5.595384751515465e-47 3.517342027049655e-46 6.464458934117484e-58 5.069643705100775e-45 6.682006250971277e-62 6.0392408905116e-63 
7.484204642850962e-35 0.3291806309452282 0.3291806309452282 0.006170878745675066 0.3291806309452282 0.00011593485720638298 0.006170878745675066 7.51870015563346e-14 5.277891364910118e-19 3.1530003498438214e-17 1.1818294891771152e-24 7.488343204767098e-19 2.0740784041610361e-07 2.0740784041610361e-07 2.819188398574029e-15 2.2180829420445845e-18 2.4843614771917775e-19 2.4125067441124118e-21 4.8645783044782924e-18 1.1711439458541758e-25 8.180480764257524e-25 
1.6512671658417296e-77 1.7107118486993577e-17 1.7107118486993577e-17 1.4016772494616524e-10 1.7107118486993577e-17 1.263803552418407e-05 1.4016772494616524e-10 0.0005490837046525519 0.00019347741587814337 0.10672489192188948 0.05100643173203782 4.606762440976465e-58 3.66966577831408e-16 3.66966577831408e-16 7.017731751355993e-05 4.921251158178786e-08 0.00023827741498296749 0.00013270978897570392 0.003506350161079411 0.0031266785834952633 0.8344392344311231 
